„78-

’1038131003 0311. 3, 11. 3, 30. 34, 11 113133 30, 13. 133,3
medicinis 13, 3’3 010110οι11’173, 13
. medico 038133010121,17 melior ιι 1131103
. 0131113033, 113, 13 1038131213 1131113 *833 Meliten 88,8
110111. 13,12 1110111313 3,13 ,1103110 pro ’11313 333 ,31)
mediocre ’133, 3 0133103133 133 3 elo 173, 30
133, 3. 10, 31- 0381030131· 10 8. 103013101ιο11 201, 33
133,1 01301310 271,3 10310313 13, 10. 33,
0311833013 13, 11 ’ · 33333310. 33,1ο.31,1.’131,ι1.
meditatio 4, 21’ meditationibus 188, 17. 144, 8. 184, 18. 198, 28 “
103, 23 1038131010οι ’11, 14. 1312, 10113,
103811οπ3030 *30, 3 (10 meditem 23. 33, 4. 8. 88, 1’3. 131,1 1113013111
11001) 24, 28. 88, 21’. 284, 44 membris
’ 0303111113.133,113311313,11 1 111 <11,’10.> 1331131. 31113.
’ 81, 14. 19’. 82, 24. 94, 8. 188, 8. 219, 88, 18. 80, 828. 83, 19. 108, 22. ’128,
11. 228, 8. 929, 2 111081010’88,28. 211184,8’2. 188,8.’188,13.210, 14
Ι 71,23. 84, 898, 18. 108,8, 128, 22. 288, 18
271,2 1110811788 1008103288 memoriae 1010.104,11.2,12.4,.22
18. 88, 13 1038110003131787,103,33.138,11. 13 103010113013,
23. 184, 18 01081310 48, 47. 88,.7 18.88,18.2’18,4 10010003227,
87, 19. 88, 18. 188,’7. 229 *7 9. 284, 48 88, 12. 131, 12. 182, 7. 231, 8
8. ’288, 18. 270, 13. 278,1’2 medieni memoriarum 217, 20
23,21.28,3.1’1.84,80’.107,4,140,010010100100101310182,17. 88, 21.
11. 207, 7. 239, 22. ’27,4 18 ’100818 138, 8. 131,18.177,2.199,19.’281,
30, 1. 8. 01, 8. ’138, 24. 29210. 488, 13. 272, 22. 280, 18 mediorentni
. 4. ’288, 20 0. 9484 114,18 010810 44, 27. 48, 8. 1480
301.’<31,ι1.,>311.’,311. 31,.11 menaeus *33313
318. 101,3.107,.8 113, 3. 13. ’23 mendosum 31, 3 mendosam 30,3.
118, 47. 148, 48. 127,1’8. 184, 8. mendosae 90, 21
280, ’28. 289, 12 01081199, 11. ’93, Menesthe 70,4
48. 88, 18. 108,7. 117, 17. 180, 23. 100001, 1. 188, 10. 189, 9. 184, 17.
207, 18. 208,12 01011130 99, 18. 218, 21 01011110182,11 11101110
107, ’.2 119,11’. 12028. 283,.2 *’284, 187, 11. 218, 19. 281, 18. 288, 4
“ 23100813*7210.’180,19,128,14 10011100 108,28. 178,18. 217, 20.
- medus 889 medios 888 90, 29. 80, 4. 187, 14. 18. 201, 8. 217, 24.
31, 4. 84, 3’. 133, 14 0138101 27 11. 1030333 371 1 mensa 37013 men-
98, 9. 122, 18. ’,223 9. 228, 9. 17. 030 270, 24 0100030210,18
· ’330, 14 010813 13 13. 83, ’,27 33, 1000010 yon 448 13 233 *3 20 3401
48. 1118284 98 9724 1008110 73 mensem 220, ’12 mense 220, 18
7,,.33333,13’. 33,4.3’-111311.103- menses 1301 mensibus 330, 14.
. 8100170, 8. 270, 1. ’98, 13. 128,8 per 18, 17. 221, 29. 228, 2. 21. 288’, 13
1038100177, 1.’,03 21. 147, 1'1. 418, qn’ot mensibus 2333
13. 231, 11. ’112834 103810833 0131131101233,13 1030011000 233 8
47, 7. 1’0. 188, 14. ’188, 1. 132,’4.11001.288,2’8 0100011000 223,18.
9241331008101071911889133 220, 20. 288, 1 menstrua 289, 8
0381333313 (3133113103 40 1331113311 31111
10 medio 48, 11. 31, 18. 72, 30. ’32 mensuro 33,7. 148, 3 0303010323,
8.,101 10. 191, 18. 148, 20. 208, 18. 9.1,18 8. 177, 18. ’,1987 mensuram
2078911 13 947 92 248 18 488 28, 0. 910, 1’1 mensuro. 21818
3.313,1.9’,317. 3133 · 0130311103134, 48 mensurarum
0138011010 33,7’ 0138118033,14 1, 3.- 33, 17· mensuris 113, o.
Ι3138011οι11ιο 200, 33 311, 33 · ·
“ 013ἳο11131301110 *’171,3 0103010010- mentum 133 44. 33,3 0130133310. ·
puoe *179 18 12. 18. 188, 20
1031 133, 13 insilis 30, 30 1031331330,’13

Melonipiis 130, 1. 301, 4 1001331 mercatus 333 30, 17

 

