- 55 -
fulcitur 220,13 1111112030 fulto 61111114,14.111,4.111,10 · ·

(11111111ῐῖ03. Mar. 966, 96)
’ 1111 ntes 168, 20. 170 ,10,
Fu guri 12, 27

11111127,13 gallicae 20, . ¹

angos190,19
γάνωσις (gulosis) ’170, 6
gaudio 916, 20

fuligo 167, 12 fuliginem 180, 11 gelicidii 166,1gelicidia 164,13

. fuliginibus 171, 8
111111111111134,4
fulmen 1111111111*33,6
fulmentis 107,13

gelicidiorum 40,17 gelicidiis 46,!
2. 03, 10. 104, 20

(geloni. pro chelae 267 1,2)
gemelli *200, 21

11111111111102,16 11111111284,8 geminorum (sidus) 227, 7. 228, 11.

fulturis 244, 0
1111111167,12.177, 11 1111111187,16

fumo 171, 8

241,13 geminos 226, 28. 231. 0. 8
geminis 227, 1

8111102381

11101111111122, 21. 24 fundamento generatim 17, 13. 04, 0. 110,3. 1426 .
22, 20 fundamenta 21, 2. 22, 27. genethlialogite 232, *10. *17 ’· ·
76,2. 130,16. 101, 23 occ. 46,14. geniculati ’220, 16 (1111 genicu- ,

57,12.103,.1 100,10 1111101111-

latus)

1ο111110,20.108,28 fundumen- geniculus 203, 22 geniculo 200,14

111 07, 10. 70, 4

geniculis 200, 23

1111111111170,11.102,1 111111111- geutesl, 4. 196, 8 136, 20. 137, 12.

nibus 108, 31. 130, 23

’ Fundi Fundos *107, 13

fundo fundate 16,87 fundatas
36,10 11113111160,6-111111-

tior 107, 22

,131,13. 16. 21. 183, 18 gentibus '
10, 21. 134, 8. 184, 17. 212, 13. 23
gentes 36, 16. 86, 0 gentibus 107, 22

gentium 134, 32. 130, 20

(31111111111111282Αο17)

fundo fudit 184, 20 1111111111207, 1111112201 genuorum 228,0 ge·

26 11111231, 10 1111111101210, 11

1101122010

fundandum 46, 0 funtleus 131, 0 genus 18 4 42, 7. 31. 44, 14. 02, 11.

circa fusum 112, 16 1111 223, 4
111111111261,6
fundus 1111111267 13 1110111261, 10
fundo 170, 20. 200, 7 1111111212,
18. 20 1110112600 (Mar. 261,0)
funis 246, 10. 20. 22. 247, *31013
,mmmmmmmm
’ 248, 2. 3.0 funem 201, 13. 14
1111111.111,1.1.(1.)11.111,11.
111, 11. 111, 1. 111, 1ο. 111, 11
. 11111111 246, 6. 247, 16. Ι1248, 22.
11111. 111, 19.
furcu furcis 34,14
furcillae 26021
11111177,11 ’
1111111111111 100,21 furatos 107,13
furtum 210, 10. 216, 20 furti 107, 14
1111110710
nuculeum
11111ο231,11
fusterna 00,16
111111 subit. 961, 12 fuso 201, 12

11111 201,11. 13

(ἰν-111111 161,21 Ι ’
Gades 272, 23 - 01111111111111273,8
Gaius 203,11

1411. ’11 <11,11.>11’,11 111, 1.

171123. 170, 10. 134, 3. 22. 133, 0. .

1οο,11.111,1.111’,11.111’11.
1111111111 1111111 1111.
4111411111. 1111111111,
11111,1’.,11111 genoricum. .
11111. 11111111. 1111. sc,
ummmmmwmmmh
11,1.11,11.·14,1. 111, 1. mace.
111, 11. 111, 1. 111, 11. 11111..
111, 11. 111, 4 genere 13, e. 41,
31. 11, 11. (11, c.) 46, 1. 11, 11. 11,

· .· “1.11,11.11,11.11,11.111,1111.

106, 12. 112, 12. 110, 20. 122,10.
133,10. 137, 6. 168, 18. 161, 3. 171,
23. 170, 17. 177, 21. 180, 27. 107, 0.
108,2,212, 10. 213, 10. 230, 4. 261,
0 genera 67, 0. 38, 7. 26. 40, 3. 43,
10. 44, 23. 46,18. 06, 2. 71, 6. 87,
27. 06,17. 102, 8. 111,14. 119,19.

’ 134,11.144,11 1111. 111, 1. 111,

13. 203, 24. 230, 3. 8 acc. 13, 20.

,114114,11.111,1.107,14.’211, -

22. 23610. 21 237, 24 generum
62, 0. 83, 18. 22. 84, 17, 104, 21.
1111111111.1411111111.
160,10.171,4.184,4 generibus

 

