‚fal-

sent 174, 7 paratum erit 187, 3
paratae fuerint 180,15 parandae
sunt 31,2 parandam 133,7 pa-
randa 49, 22. 236, 2 parare 213, 1
9999999991959

rata 175, 24 paratum 46, 21 pa-
ratam 90, 29 parati 5, 9. (63, 7)
parata 184, 21

Paros Paro 251,’23

parricidii 158,2

parotides *989
599999999999
9999999999
9999999999
999999999999
99999999999
999999199999
9999999999
9999999999
195, 3. *5. 196, 19. 11. 12. 219, 25.
9999999999
199999999999999
9999999999
ρ9999999999
199999999999,
11112. 73, 4. 23. 80, *2. 13. 31,12.
9999999999
9999999999
9999999999

15.274,1 parti 29912 ‘parterii ’

9999999999
9999999999
9999999999
9999999999
9999999995

1999999999,
9999999999
9999999999
248, 9. 8. 19. 15. 249, 1. 3. 4. 255, 9.
9999999999
bis. 5. 7. 17. 271, 2. 15. 274, 5 par-
9999999999
9999999999
999999999
19999999999
19999999999
9999999999
a. 91, 5 partium 9 ιο. 9 9,
22. *aba 12 partibus 14, 8 partes
999991999999
99919999999999
10. 12. 15. 18. 21. 77, 13. 22. 78,21.
9999999999
9999999999

9999999999 ·

99999999999.
999999999
1999999999
9999999999
9999999999
999999999
*258‚1.259,10.271‚5 parabus
9999999999
319999999999
999999999
99999999999
99999999999
9999999999
9999999999
amn

223, 24. 224, 29. 225, 5. 226, 23. 27. particula 203, 25 particulae 67, 3

99999999999

particulae 83,15 particulis 12,17 Ι

999999999999999
268,18.272,10.15.276,10 parte partitione 64, 20 partitiones 67,6
3, 8. 16, 19. 19, 11. 22, 24. 26,10. partitionibus 102,13

27, 18. 29, 6. 39, 9. 1913. 11, 11. pantos pen. 54, 20, 198,12 partum

999999999999

*918 partus acc. 36,14

7959999999999ρ9999999999995

9999999999
9999999999
99999599999999
1999999999
9999999999
9999999999
6999999999
99919999919
9999999999
9999999999
9999999999
9999999999
9999999999

9999999999
- minos 54, 20. 118, 3. 20. 129,
9999999999

arnamatamala-nonninus ·

anmananawa‚
99999991999
9999999999999.
99999919999999
1999999999991
1999999999999
9999996999999
19999999999
9999999999999

 

