-51-·

280,15.283,4.10.15.25 hostium
15,12. 283,19. 23 501133 51, 22
hostibus 1, 3.4,.12 30, 20

5111728

5111111111111 33, 11. 50, 22. 213, 2
humanitatom 30, 7

5151115203, 23 5111111111 204 23
*2329 51111111 283, 24 humenis
19, 2. 210, 7. 173, 8 5111111131, 12

humidum 1. umidum

511111110217 5111111171, 17. 102,
555

humor u. umor

5511511111) 103, 1611. Στυγός

mmmmmr

(wmaew,m

hydraulicas 5, 18 237, 22 (hydron-
11111251,1)

5111111111 hydraulis *551,1

hyffiwfflc·

¹(hydromyloe 7111 257 ,11)

Hymettum 43, 5

5111115111 50, 1. 70, 51- hypaethroe
*123,15.*124,24.,11*1281311 113·
1511131 5 11111111οεί111. *150,
27 11111115111124, 2 hypaethris

Η111111135,15190,24 Hypanim

5111111 (51111111) 113,12- 511111
112, 171111. 113, 5. 7.9 hypaten

-nmwhmmmnwr
Jm5‚mmmumm

5111117135 (hyperbolaeon) 11215
- hyperbolaeon 115, 15. 115, 2
511.114,11.115,11.11. 22

(hyperthyridor 11. 11511. pro hypclri

5115151115 37,14 5111115111

(5111111 33, 22 5111111 38 ,4)

5111111111 125, 8. 9. 15 hypocausi

hypog'oo 151, 25

5151117111(511151111111)*253,1·-
hypomochlion *555, 13

lhyp othy ri ci. Ioc. 05 ,55)

5 115151115131,245 1111151-
inm 100,3 5111111151Ι 1131, 29.
100 5 511115151111323 hypo·
1111511111 74,3

hysgino *13213

1111111145, 10 1111111145, 1213225
iaciunt 104,8 111111 1111025

mmmmo
ioculari 55, 58

1111602.811,21.127,1.156,18. 174, ·

1115718543, 2 1111111 140, 4 1111111
ἑῗὲιξέ icones 149, 5. 23. 150, 8.
1515413125 32 17 33 23405.
42, 17. 43, 15. 40, 55. 50, 15. 5215.

57,18.59,,.,.1208541489,18. ’

93, 15. 104, 11. 108, 2 114,10. 117,

Μ5,Μ5,5.5555.’

130, 5. 17. 131, 7. 15. 137, 22. 139,

18 140,25.145,21.167,13 159, 8. ·

171, 22. 176, ll. 177, 14. 20. 178, 5.

“ . 185, 25. 185, 14. 24. 188, 3. *182

15. 191, 7, 15. 194, 17. 196,.5 199,

24.;1.ῖ...20242220338917,256, .
11. 210, 27. 29. 215,..521 2198 .

228, 9. 230, 8. 232, 15. 235, 2. 237,

13,15.247,14, 248, 211. 251, 25. '

*253, 20. 250, 7. 282, ’.15 22. 282,
14. 283, 8. 15 .

ichneumones 151, 10

ichnographia 11, 23 511

1111 40 ,7)

1111111*150,5.131,15 ·

535555,5

15111151 ,9 2225 235 ,,15(189 21. 190,
14. 283, 8. 11. 236, 6. 237 ,1) 13111111

55, 7139, 5. 1523. 255, 18 idem .

2215, 55 1111111115,1..227 23, «
541151115111 255, 55.
5ῌΜ5555.555
5.5ΜΜΜΜῌΗΜ

555ωω5555,’

mmnwwmwnm
5.5.5,1.5Μ1515
Μ555,5.51.55
555,5.5Μ.5555,
w>mmm‚5wmmu,
2wmemummmw
15,51555555
5555555,555

’Ψ mwememrmaewo

19.138,6.153,14.1,5822176,19.
181, 15. 182 24 187,.7189 21 214,
1 216, 13. 15. 218, 22. 222, 20. 225,
5.55515555
1Μ5Μ55555ω1
5.555ω55555
51, 11. 521 eodem 121. 111,
11. 51111111.11511151,
17 111111121212 1113111422.
55115255551551
55555ῌΗ55

 

