. -18-

611,.,1*711.*6,18.11,1155168, 1116111691.·,1849

“ 16. 91, 5 161,6.*178,15.175,7.61166166 168,11 audacia 186, 5.
178, 18. 7119, 7. *144,4 144,7

1161179,16 1111111815 audax 11111666 180,8

Athenae Athenis 85, 8. 15, 19 49, 5. audemus 158, 16 6116611111, 6 61666 ’

70,11.101,11.111,1.158,10.159, 661174,11
5.480,13.481,18.478,10184,17. audierit 8,14 audientium 116, 5 ’
116, 84: 133, 1'1 ’ 618111181616116-61681116,
4166116161661, 10 111611616611161, 11. 111, 16 =
8Α11161116116664,14.166,16-16111161516171,17
161, 15 4116116161611161, 17. 11 6111161183,15
Atheniensibus 176, 17. 67,1 Auentino *1,78 10 ·
Athenodorus *181,16 66611611116,11 auertisset 61,16
athletae 188,11.15. 1561611115 auertere 167, 11 (11611611111118,
6111616111 156 15. 117, 15 attila· 18) 6161616115, 1 anema 18, 16 ¹
1161115 61616116 118, 16 “ 145,1 auersi 16715 1161666119,
Athon 81· 14 19 1161616 1611 · ·
1116111161151,11 aufert t,188 17 1166111116 au·
11166151, 7 4116111191, 91116116 161616116,16
*196, 17 · auget 888, 84. 887, 1. 15 auxerunt
16166166 *1517 ¹ ¹ 5,11 6136111111, 14 augeretur
atomos pl. 87, 18 108,8 angara 18,8 auctum 6666
atquc u. ac 84, 48 113611617,18.161,1 111-
atramentum 166, 19 atramenti 186, gairdam 116, 15. 156, 14 arigcnda
18. 81 16 6111116616171,9 186,6 145,16116116115,16116111,11. κ
atrii 140, 8. 141, 10. *11. 18. 141, 6,11 1116111186, 10. 115, 5 111616 ·
17. 19 atrio 141, 7 6111111411.11,16.161,141116116648616166
145, 1111141116 1111611111 14, 4. 181, 16 “ ·
146,1611111614116.171,.1149,1 Angristi 16”(,6
Α116111611111185,11-16366.111611161195 auium 18, 8. 4. 199,14
lici 158,7 r.Attalicis 48,8 611166 118,11 aulas 156, 19. ’
611616111166115117 . anacam 1'88,11· “ ·
artemio 81, 6 61161161*16, 1 atten- aurae 16 6 87, 17 aurarum 17, 81 ' ’
damac 145, 16 attenderem 1, 9 16,1.166,11 66166184 auria ,
attenderit 116, 11. 116,”5 attan· 16,8 =
1616 186, 10 611611666 1,14. 81, 1111611616 · , .
18117,9 61161611116111 115,11. 116, 11. 17
1111611111 ' (auricula 611167. 119 1,)
atticurges 77,11.19.96,16 96, 14 6113661116 1161111 1611866116, .
Atticus Attica 176,9 naintriaco. 16 (aurigam 118 ,17) ’ ’
181, 14 atticum188, 19 αὔριον (aurion) ⁸88,4
attrng1t184 18. 1194. 161, 16 attin· auripigmentum 178, 18
31111119, 1 attmgcra 88 7. 161,1 auris 61166 9,16 aurium 166, 16
1116116111 166, 6 auribus 168,11.111,6.111,4 arinca
attribuerunt 85, 7 attribuantur 88, 0, 7. 18.109,8. 110, 7 11. 111, 18
16 1111511166111719 attribu 111611178,1.7.184,1.6194,5115,
116 aunt 117,5 18 auri 177,10.178,5.116,15
¹ 61611116. 5, 15. 45, 81 11116115,16.116,4.19.188,1
auctorem 6,8 11. 116, 19 auctores auster 16,11.196,4 6161111611.
164 7 auctoribris 458,18.818,18 88, 16 1111611111 84, 16. 15, 11. 11.
auctoritas 61,15.166,5 116161111- 87, 9. 19, 16. 19 =
16111,16.71,1.11.78,161,11.6661111618616 austrini 16116 “
107,88.111,'1a.154,14.181, 15. 11118,11. 5,17. 71. 9 ,1,4(10 1)11,
101, 4. 175, 5 816161181168,8.11,16.18,18 141411. 10131116
611111111161161611166116 116.’17,11.16,16.19,17.1196,
11.,114.,688.,1084 1611111386151980034·

 

