2137-

Τ101390,10.155,19.198,9 915, 90. 917, 4. 919, 15. 990, 5 994,
Troianas 179, 99 ’1101111111 198, 16 96. 99. 995, 3, 997, 8, 934, 9 93
tropaeum 51, 93 tropaeo 8,4 tro· 954, 8. 95510. 959, 1. 963, 18 979,
1111 mmmmms’·
trucidati sunt 81, 18 1111111111ο99, 13 111111116418 1111-
1111111189,181111111118891.*960,8 sam 41,11 tnnsnc 166,14 .
111611118593 1113111111*61,16.194,11 ’
trullissationem 167, 94. 170, 99 1111- turgescunt 53, 97
11ω1,ω11 111,1’
ι 11111111111191951 166 95 175911 1111 1111199518
trullissentur 167, 16 turiferae 197, 91 ’ -
trunco 86 8 trunci 76, 95 1111111111974,14 turriculae 978, 99
1111111111 9736 1111111111· 945, 91 turris 59, 93, 60, 3. 130, 97. 975,1,·
trutinis 888,18 971, 1, 6 1111111(1111111111)95, ⁴²4¹. 6,’
Trypho 111,11 *111,11.111,*1.*1 turres 11,1.
11111111, 15. 9, 9. 64, 18, 83, 19 111, 99, 6. 11. 199,5 turrium 18,11.
9199310153193391491199157101535711111911.
111111 1111111174,15
1111119659 98111

tubulus 90915 1151111 194,7. 909, tuscanicum 140,7 tuscanico 71,19

35, 9, 973, 19 turribus 91, 8. 99 3 - ·

1011 tubulorum 1941090990 tuscanica 148, 8 tuscanicorum³¹ ¹

910, 9 937, 17 1111111111, 15 109,9 tuscanicis 99,8. 101, 95
1111111111 906,94.910,4.15·. 11111011111111193,99 1

“tubus tubi *975 8 111111 9415

11111191,18.85,18 1111111518. 1111111357 ·
91513 1111111111 198,93.907,14, tutus 1111 184, 90 111111116495,
1971, 17 1111111,15.1ο,14.11,11,11 1111111111 tuta. 45, 6.
8. 13, 904, 90-Ἣ11111181,1.904,91 145, 93- 1111111111 184, 94 11110-
tncndns 199, 8

tugurin8818 978, 93

111113,4.,1911399996*616.11111111111111911113194

111973, 11. 99,.15145,5- 1111 ¹ Ι

1Ἣ111111,Μ1,
1.1,1,1ΗΜΜῊ,11,

11111611111411111191,
1111,3.,391511111,5 .,

96.108,13.139,1. 166,13. 170, Tyana *1669
91. 174,7. 187, 5.90. 1111111. 1911, tympanum 89 8. 100, 15, 938,4, 939,

14. 916, 9. 19. 999, 5. 935, 14. (941,
anmmwffi'nmfflm
*15. 97 cnm — 1111145,10.<66

umnnmmnmnwc

tumescit 908, 90

tumidam 74,9 tumidas *6414 ’

tumores 194,5
tumulos 88, 9. 164, 6. 198, 4

mmmmstnmnmn
1111111111
1111111111111,
1ῌΜ1ω111111
1,1,ΜΜΜΜ1,1.1
11,Μ.11.5,11,Μ1

7 116, 16. 191, 9. 194, 99. 199, 11.

8(14). 940, 19. 13. 15. 94515, 957, -
13,963,18.<96>.964,14. 965, 8 94
1]11111111181,94.89,9.98, 17. 930,

17.,9404,,.159.9941,15.14.,956· ·

6. 8. 14. 957 , 10. 17, 963, 93. 94,
964, 3. 6. 19. 15, 16. 965, 5.11.15,

9995. 96 tympano 939, 19. 963, “

95. 965, 10 tympanum 939, 17,
940, 90. 947, 99. 948, 10. 11. 18.
956, 4. 957, 18. 963, 91. 964, 11.

- 965,9,4.19.91984,15 tympano -

938, 8. 939, 19. 956, 1.8, 964, 3..8
965, 13 11111111591193798,
19938, 8. 955, 90 tympaisornni
968, 99 tympniiis 130, 16

17.96.130,3.7.16.90.94.90.131 ’1111119734 ·
· 93. 137, 3. 16. 144, 9. 148,6. 146, Tyrrenico (Tyrrhenico)*614

10, 154, 17. 156, 9. 91. 163,11. 164,

91.165,13.99.167,95,169,10.19.1111111111 189, 94
170,19,176,10 119, 4. 185, 5. 93, 1111111111103, 96, 11111111111188, 99

199,1.,.1979906,,4.9115.·.08

111111111145,19

 

