-20-.

3733113313331333333 · 4.' 133, 13. x144, 33. 331, 33. 331, r.
8171488133 ⁴. 8188111411. 33’1’4’.”7’1,18”4’4’, ¹ii'
cuca 333 33333 33 33333 33 33 33 33 33 oe 13 3333133 3.
. 3131333137 ro 13 333 33 111 33 133 13 31333333 333,Ι
133 33 rea 11 13137 33 1333 33 333333331 33 333 33 333,

743,7. 74713 73371 77317777, 17 733 18 70 773 78
- 7.(1--31333 praep. 18, 7. 77, 10. circumactione 241, 77

17,18. 87,1888,18 47’,.8 78. 44, 31133117311111170 11. 18 circumaga-
. , 70. 43, 16. 74. 47, 8.’37, 8. 38, 3. 18. 311178,71.113,’78.734,14 circum-
88.37,18. 73, 8. 71, 8. 77,1. 81. 78, ageretur 26, 6 circumaguntur 733,
8. 73,77.78. 83,11,83,11. 131, 6. 17 circumcigenda est 73, 73 cir·
’ , 133,13.133,1ο.133,3.13333113, cunegondooe, 3 333, 33 3113331-
1777.130,18.133,78.137,18.177, agens 31, 6. 113, 4. 181, 8 circum·
· 8.180,11. 183, 18. 7331. 770,18. agentes 264 13 circumactus *748,
- 780, 7. 781, 8. 77. 787, 8. 748,’ 11. 117. 737, 18 783 71 3113711331387,
747, 10. 748, 8. 8 11. 731, 11. 16. 71 cir’cumactu'm 78, 17 763, 74
734, 17. 266’, 4. 6. 737, 3.’ 733, 1. circumactam 770,10’ circumacto
' 773, 10 770,1 circumactis 737, 77
-. cincias *77, 17 circumciduntur 74,6 .
’3113113313784170117841378318 3113311311’31,817’
circinationis 26, ’7. 7 117, 7. 3. ’13. circumclu unt 64 26. 66, 8. 122,17 ,
170, 7. 4.8. 166, 7. 774,3’ *777,.7 circumclusas 2766
784, 11. 14. 13. 783, 4. 738, 6. 7388 circumcurrunt 88, 4
circinationem 26 6! 1703. 770, 70. circumdedit 166, 1 circumdantur 66
*771, 18. 777, 7. *’778, 14’. 17 17.’ 78. 1. 738, 73 3131311338 sunt 788, 7’
777,·’17 *18. ’784, 701783, (13) 13. circumdatae erunt 83,18 circum·
733137371831131133131133,14.3131133131(3333)71,11’31133111111333
. 73,’7. 170, 1’240, 18 circinationes 276, 313433 circumdatis26, 16
73, 17. 777, 4 circinationibus 226, circ’umdand’os 730, 3
4.266,16 . circumductiones 708,1 circumdu-
circini 6’, 77. 11, 78. 12, 8. 78, 8. 3. 33, ctionibus 708,13
1.,78 16. 84, 8. 718 78 784 16 266 circumferre 778, 70
14. 713, 77 circinum 80, 8. 88, 26. circumitio 708, 13. 733, 73 circum·
110,1.126,26.146,1e'.261,12. 11101137788.738,17’ circumitio·
' 262, 71. 266’, 8. 737, 71 circino 26 nom 26, 78. 70, 8’. 101, 8. 177, 3.
74. ’78, 4. 78, 70. 71. 78,7. 170, 10⁷ 183, 74. ’770, 10. 771, 4. 733, 8. 774,
*788, 71. 264', 7. 8. 783, ’.7 737, ’73 7 8113711111011378, ’.10 83, ’.8 140,
circitor 26 22. 47,.7 38, 3’. 38, 13’. 180, 18 circumitiones 737, 78. 774, 14.
1. 130, 1’7. 134, ’77. 1701’17,1 16. .’733, 78 3113311131331113133, 26. 21,
166, 74. 703, 70. 770, 10’. 771, 8. 13. 13. 3’1, 7. 148, 80. 748, 14
7173. 77818. 748,7’.8 730,1’4. 261, circumitione *771, 7. 774, 8
10. 781, 8. ’14. 770’, 1. 778, ’4. 18- circummotientur 81, 10
31331333 3 occ. 167, 1. 778, 7 17 circumsederetur 788, 6
(31331313 pro circinatio 221, ’13. 778, circumsonantes 121, 6. 11
14. 227, 7,8. 18) circumspectantes 17317
· (circuitio’ n. circumitio 266 ,78) circumu 3111317117
circuitus 66, 14. 146, 71 circuitum circumua 331303 ·
774 3. 17’ 313331133131333 2'46, 74

(3133313313 u.- circumlatio 771 ,7) Circus Circum 71,1’7 8133310318.
3133111113 788, 7 circuli 184, 26. 717, 71. 788, 17

13. 784873318738,18’ 311331- 31313. 743 73

' 1111337013. 2661 3113710778 17 citerior il,6

circuli 110 3118, 73. 738,7 cir· citharoedis’ 116, 11

culorum 108, 71. 743, 73 3133 citat 1667 citatus 166, 73 ,
313331333333131733313371333113 adu. 10, 18. 71, 78. 40, 78. 30,.0

 

