--31-,

8814188010 001110 773-
81, 14 0011101313 81,13. 11310.
181411.158,18.175,10.180, 18
033113139,13. 1313 3011103100,
19 00311311318. 195,9.19. 139,
88888 ·

odeum 194

odor 1918 01013131,1.10.11.14.
10418 0110133107,11 odoribus

03333133 13710

01311031313330301313) 11,13

0331130331 143, 8.10.17.14,0 11
0383314317. 150, 13 33313150, 3

01133311 18, 18 0831111331 110, 17
0803338188, 8 083300133188, 31
0033031331100 8 3133031110, 17
0103331131183,15 0103331813,
11 011333311410 3833311817

01133311 103, 11. 189, 4.191,17

offensio 1011151105 off’eneionem
1, 9 013331033137, 13 31133310-
nibus 5,15.109,17.173,11

01931331773 3111313311 45,15. 145,
4173, 9. 1'2 31110133133183, 5 01114
01313 48,7

011313310113 15415

01131031148,18

officium 10, 11 011310 31,17.38,17.
83,19 011101310,11.115,17.15

01οξ *1541

οἰκονομία 3. oeconomia

0133 15411

oleagineae 11, 11 oleagineis 7418.

oleario 147, 7 01331103 147 8

0130111 58,11. 147, 9. 105, 18 0101
187, 13.14.195,18. 145, 17 0100
81, 47. 195, 5. 179, 1. 187, 3. 195,
11.18.109,13.100,8.181,5

01111140,1.85,5

Olypm 111n1191,18

Olympiuq 01511’1pi0 100, 15 70,11
01331313 033. 111, 5

0313130 7,14. 15,8. 48,11. 17. 81,
11.80,15. 133,17.194,11.109,7.
88’88

0311113181,18.187,18 114, 8. 111, ’

18.198,19.144,11 0133318311.
1044 013313 15411. 01, 13. 95,
· 14. 174, 4 3133313184, 11. 111, 11.
118,4 31333 1815.8(1,14.138,19
0311111815.183,18.138,1.174,.3
85, 4 0131133811. 3,1. 48, 19. 117,
,9.11413 154,19.1843.188,5.
18411. 10418. 11413. 184, 1. 0.

1.18888388888
91, 8 110, 0. 81, 31. 1143. 113,
Μ8,Μ3Μ88080

118, 13. 188, 3 01113131, 18 11,11. “

9,99,9.9,muw.9,7.
9,999999v9,
umwemwm199
8Μ8838Μ8,88,
Η8Μ388188
m‚99mm9999

¹ 33111131111,10.81,18.117,11.114

1113418135111174811418.
mmm99mmm99
189, 19. 119,1. 1844 140,19.17,
1118114144154313411155, “
10.183,18.197,10.1041718111
0313111113 11, 8101, 311. 143,1.0
158,11.103,5.189,110,1.15,.4
19, 5. 134, 8. 130, 7.111, 13. 13. 18, .
11. 145, 18 0111113348. 181,17.
158, 22'. 178, 11. 107, 8.150,11.
181, 11. 18418. 1, 137, 13. 4811
84,1.101,11.118,18.1445174,
8.178,4. 184, 7 185,8. 111, 17
03131343. 4417. 89711708
9411118101 1888177, 418.
“ 18414 01331533411. 1415181, ,
8. 1911. 18110. 18418. 8, 4. 8, “
1. 9. 19. 10, 11. 919. 5418. (83,
πωωυ888883
88888838888
8100314110331031338,
111418.154,8.164,15.181,1.189,1
11. 197, 10. 115, 3. 133, 14. 1848.

31301033 3 homotona '

onerariae 1541

33313 333133111140, 17 113, 3 333 › ⁹
raiae 31111 151, 8 0331311 40, 11 . .
onerandas 14010 0331313111 154 5 “

0331331 39,13

011113 03311311,81.158,8.10. 11.
15414 03311 410. 5818. 105, 18
0311385,10.151,11.143,13.17.
m9mmm9.'9m
13103, 15 03313 38, 7. 131, 15.
888888888
11. 151, 3144, 8. 147, 10 onerum
14413. 148, 4. 150,1. 151, 15. 10.
11. 13411 3331111113 147,1 03313
73,17.’148,13.14814133,”5 030
111133 45, 5. 151, 11. 155, 17 -

311013 (ophae) *83,11-·-(33311113 .
89 ,1) opes (031103) *80, 14 “
opacis 01, 11. 541 -
0113131848 0331311 188, 19 , 03313 ’

 

