.-74-

111,11.111,11.11.*11.111,1.1 11.11.114,1 1111 11,11.11,11
litterarum ⁷, 11. 111, 11 litteras “ 11, 111. 11, 11. 11. 11,1. 11, 14.
< 1Ὓ1111011Ἡ1Ή.1, 1,11111Μ1111,
2.n,6 11111411ω111
lmmmm,wummmm,6,666ffimwmmm
2M6mmmm41· 111141008Μ4
hmmmo,6666n6,w w.6666616666.
101μ1141ω1,1.1,1 Μμωωωυωωωη
, nmw,n6mm,w.6,6nmm6666666
mmmw666,6 n.wm6666m6
mmmw,w mafflnmssmmm
110011011111
8.6666wwm66
6.66666666
4.mmmssmnffim
n wffiwmsswmffl6
11101ω1011
Ηο101Μ1ω1
, mwmw,mm6m66
1Ϊ1ΜΜΜ1,Μ1,Μ1, mnwwwwmww,6
11.1ω11ᾞ111 mm,3
,wmwmwmwmmhmmmmuwwlm1
mwmwwmum w,w
mwuw.wm,n.6ummfflmm‚w
’111114,4..11 16, 28. 11, 6. 2820. 1131111111*281, 14
.1Η111111018ω11141401
owwmwmmmmm nmmmw.nmm6
166,7.mwom2mo1m61w66666

locatori 1,9
, 111111111821 211, 11 locauerunt
106112610111 268, 21. 264, 1. 266,
4.16. 211,8 11111111111204,1.
, 6366616664W6766116.
79, 2. 99, 9 101, 6. 106, 28. 108, 14.

. . 148,12.186,1.188,22.101,18.

*106,8. 206,12. 288, 11.234, 16.
211, 11246, 11. 211, 11. 218, 1.
201, 12. 211, 11 (u. 11 quo) lo·
· 011114, 1. 16, 1. 20, 14. 24, 9 81,
21. 12,14. 6619. 961. 40, 24. 12,
. 1. 88, 17. 114, 12. 120, 8. 148, 16.
110,1.13. 181,12.1622.101,10.
192, 4. 26. 188,14. 196, 26. 286,16.
262, 7. 216, 1.288, 14. 264, 9 266,
am,u.m6mnwm
ww2961868226166

, mmmmwm666

666mfflmmmm

129,17.180,13.186,4.146,92.

’*141,10.148,11. 118,14.111,21.
181,11.11.21.208,16.111,11.

= 284, 1. 261, 24. 264, 8. 260,11 1001

111,10. 124,8. 120,24. 146 8.111,
’26.148, 21. 176, 24. 186, 28. 211, 7
ωωω1801’1η8
9. 49, 4. 61, 2. 104, 24. 121, 18. 181,
8.188,10.138,24.80.112,16.114,
1Μ1014Μ111
11111 30, 3. 260, 24 1111 21, 11,
666666m66n2,
wmsswmmmffim

wmsswmummm
imwmmmmmm
11.11.11.11.18.11.11.218,4.1
268, 28. 210, 18. 18. 21. 211, 1. 6
1118 22. 277, 20 1113111161111121,
26.94,14.106,28.188,80.141,16.
1414111.112,11.214,18.211,11.
mmwfflfflwhmtw·
111111014111
mmmmm6m6m6
66666w666666
80 106,21. 127, 20. 194, 11. 216 2.
227, 22. 268, 6. 8. 18. 261, 18. 286,
7. 268, 16. 211, 4. 272, 8. 276 6

284, 4 longitudines 31, 28. 140,
28.161,18.48,14. 214,14. 221,16
111311111116111911 10423. 241,
*64 22. 1246 1001. 4824. 486. 1013182828218, 18· longa 7710.

106, 16. 208 20. 208, 16. 248, 28.
211,1111311118821.141,14100
206, 6. 192, 21 longo 68,10. 208,
20 213, 26 11131141, 30 longai
82,14.114,16.201,26.210,8 lon· ,⁴
311941-111311182 16 16.
94,16.121,14266,1.12 longio-
rem 266, 19 lon' 111 142, 20. 268,
1616. 266, 16 11131εεί11111 208,

 

