'-62-

6311111 12, 2 6311166 12, 16. 66, 16.

Μ,Ηψωωωωὴω
mmmwmm

78,13.10214169,.11 140,.71167,
6)6311161111116824. 2664636161
138, 22. 172, 11, 176, 6. 217, 22
6311111168,14

6361111661111,21.131,·6 631116116-
6611166,10.216,16 6361611666
184,4 6361666661 261, 26

-fimwm,6Qmmwm.
mmmmmmmffimm,w
mmmmmmmw
·111111111128,16 6311111166, 8 6311-

.mww,wmm6‚w

61166 161, 12 6111111111 201,6

61111184,20,203,12,260,12.273,16
6110 86, 2 61111111 86, 3. 196, 20
filio 4, 26. 161,6 .

. 6111 *166, 10

fingo 6111111161 116, 24

61110 61111 111, 26. 228, 20 611111 Ι*112

216, 21. 268 24 264,1 6611116, 30.
*66666’6616
24. 26. 66, 26. 114, 6. 124,6. 126,
26. 144,10.164,16.170,13 ([011.
206 ,8)206, 10. 264, 3. 26613. 266,
12 6616111(6,2 16) 261 1 66146,
26. 82, 16. 200, 16. 211, j21. 266, 18
66111 16, 4. 61130, 96,11. 98,14.
126,6268,7 ἱ’66116,161,3.26
16111.19,’6.41,12.611,11.’61, 12.
63,1.,6819. 1623 861690111
21 96,16. 9722 666. 103,14. 106,
9..26 106, 7.109, 3 19.114,1. 118,

,10.28,122,14.126,11, 1626 164,

6.mQ8.m,6m⁶mi
Μ,661ω6161666
1mmmmmmffnm„
4.m6memmm
iwwwmnmwm1
6ηῶ6666666
m’4m6m2mm6
2m1m4

6 66111661166, 16 finiuntur 148 4 firmitatis 16, 18. 16. 183, 6 61111116-

6116161106, 11, 166, 6 111, 6 6111-
661111 146, 21 6111166 sunt 1868
’“ 1206, 6. 264, 21 61111111 6111116011
’61111111 fuerit 130,11 6111163624

1611110, 21. 21, 24. 38, 8. 38, 12. 49,
19. 66, 19, 64, 26. 71, 22. 86, 27,. 140,
16161624.1621616621 fir·
11111616 161, 21 611611616142,11

6616111161(6116) 16, 18 6111611166 1166166116616111111111 ,,

266, 8 661161626314 611116 2468

6111116268, 9. 269, 11 finitis 172, 6.
6111661661 6617.266,1 6116 66,17.

260, 10 61161 86,4.138,2. 176, 24.

266, 6 61110111 232 2-46,14. 112,
⁴ 3 16 136, 4. 227,6

6111161668 6111166*4618 611116
48,1.161,20.164,-6 169,8 61·- .
11111147,26.68,661·1111616829-
6111116164, 20 161, 22 6161161616
3,18. 46, 23. 96, 24 6111116111 16,
111. 106, 16- 61161161· 12010. 266,
21 277, 8. 278, 19 616111161111129 ,27

’ 6111116611.120,6.1,61 6 6611166611 611166116616111166116

’ 37, 2. 64, 26. 11,1 8. 243 21 266, 16 6111116208, 8. 260, 2 6116166124010
6616666116, 20186, 26 6111116661 260, 10 61111166 140, 22, 201, 6 8
110, 21. 114,3 finitionibus 64, 20. 24. 26. 208, 7. 262, 16 6116111616
111, 1121166 0 267, 23. 268, 23. 268, 24. 260, 4,9

6661 19, 22. Ι*110, 24, 126, 10. 168, 6116161208, 1.0 26. 210, 4. 266, 21.

, 239, 10. 266,7.. 1*269 20 260,.32116, 209, 26. 210, 13
8216, 22 6111116,26.24,2.21,.4 61161616 41,6 61161616 210, 26.
,38,3.11.26.36,8.4(1,20,64,6.12. 166616661661,16
16. 68, 4. 61, 18. 88, 28 91, 4. 88,.3 6631616111 226,6
100,16.21.1’40,26.1,462614626. Flaminio 011611 101,18.236,17
141281466166616611161,6661666910.126,18,180,1 1111111-
2162, 17. 200 26 201, 1, 2024,206 11111642, 16. 126, 16 6616166111 42,
23. 238,17. 269,4. 246,4. 266,11. 29. 6641. 63, 7. 10. 6616. 2248
. 267, 6. 268, 16. 21. 23. 261 18269,6111111111163,16
4. 277, 14 6111 23,18. 7414. 77, 6611112 46,4
14. 78‚’1.,80 131617 8149124 6611112621- 27,1 1111111111 246.
97, 2. 24. 96,2.17.101,12,116,.6 26,9 1111111 16,6. 264,16. 266, 18

 

