.-ee-,

32,16 operas 19 19.189,18 -
-opera danda 122’, 20 operam

oppugnandum 21,10 oppuguan-
11111 272, 23 opprign'anda 22,12

11111117 10.948,19—operae= opticen 4 ’1 ’
operarii peu. 211, 17 operarum 31111101 (111112111220
267, 2 ο1121113100,-2 *21110 0111111111.οο1111

operarii 984, 26
operatione 62, 28

opto optamus 23, 1
κο111111111121 162, ’11

operculum 103,*3, 12 operculo opust, 12 2, 16 22, 23. 47, 10. 23,

, 13313 1112101111 131,13

· ο1121111211111271,11

operio ο112112111’137, 1 opertum
137, 8 222, 13 operta 137, 13

operosam 127, 23

ophiuchos 220, 8 ο1111112111222,2

1111111603 opinionem 80,9 opi-
1111112027 opiniones 148

opinor opnione 131, 3 opinantes

0110102113, 10 1848819890 88
8.10,1o14,.31’1,1.’88,'.2298,19f
22, 3’. 106, 3 13 26. 103, 12. 118,
24.123,13,118,3,13.1’21,4-”
2.20111’.’,32.7,’.-33 opor-
teatl8, 20. 33, 2’8. 33, 1. 89, 12. 01,
ι11.121212111111211.111,
’11. 121, 2. 1as,21. 111111, 111, 11.
111, 1. 1. 111, 11. 121, 11. 111, 4.

130,21.200,17 263,12 oportuerit

2,11.31,10.213,16 1112112123, 8.
11,,11. 11, 22. 11, a. 1111. 11, s
.. 1044. 1112, 1. 122, 11. 11. 111111,
121,21.122,12.123,12.13112.
98. ’133, 94. 143,23,107,10.13’0,1.
137,2.’180, 11’212, 311. 993, ’11.
218, 98. 914„ 3 2110111ιί222 30, 21.
32, 18 84, 1'2
oppidani 30,0 . ,
· oppido quam 13,10. 12011211.
. ⁰ 11000101200.22,12.121,11.20.1,1
00000 00’ 10 ¹1211⁰iiJ ”οω 100 0
14. 2111 1ο 1 ’1111211ρο111
21, 10 1111111101 112 22
2121121122.2121ῑ
’1011 1,11. ’112,11.’111,1”’ὀ111111·
unitates 20, 2’1. 44,2- 244, 12.
210000010121263,11
opprimit191, 11 oppressi sunt 984 9
oppugnationes 272, 22
oppugnatorias 980,18 oppugnato-
riis 999, 13
oppugno oppugnaret 273, 16 oppu-
gnotus 99 9 oppugnaretur 988 27

’ 11. 198, 28' 101, 14’. 100, 29. *188,

33. 137, 14. 20111. 242,'8 operis
8,90.8,11.11,1'4.11.14.21.12,1.

x1i. 14. 24. 18, 20. 11,24.21,4.12,

22 .11, 1. 1111. 121221, 1111,
1111111211. 1121. 12111111, «
m.mmmmmwmmm
112,11.211,11.111,11 operi 111,
11. ’12111 ο111111,11.12,11.111,
1112112111. 1111. 21111.
1'7.212,1.2414, 1.280,18 opero
410303384427 3613023
94, 23. ’30, 17, 108, 8. 113, 0. 198,.9
12’8,18. 143,’17.14’0,4. 14324 188,
20. ’133, 3. 1’3. 171, ’7 170, ’.14 180’
11 210, 2. 224, 1a.' 242, 12. 14 283,
22 opera 2,.11, 12. 13, 3. 32, 7. 48,
1. 11, 28. 11, 11. 1212. 211221,
1.1o4,1.24³,18 operum1o,2. 12,
1e. 22.11,1.oo, 12. 11. 21111 (11). ’
73,3. 70, 11, 87, 7. 30, 13, 101, 99.
102,.3 27. 102,’21.12Ῐ1,2.111,22.
148’, 28. 104, 19. 173, 13, 248, 3. 93
2112011111 8, ’11, 22,3, 102, 94. 188,
12112120 opera 1210213
0210. 13.162,7 operibus 4, 8. ι
1,’2. 11,11.11,11.1ο,1.11,11.12,

, o. 21. 11. oa,1.1e. 11, 11. 11, 11.
· oo,14.1e. 8411. ea, 28. so,2 111,

810. 11. 10, 2. 12, 10. 122, 22. 121,
11 11111. 181,1. 1122111111.
112, 22. 11. 111, e. iso, 1. 111, 1.
211, e. 1o. (244, 11.) 211, 20. 284,
11 - opus ost 9, 99. 14, 8. 89, 90.
111,111121112111111.11111
opus 211211 01, 6. 131, 21 opus
erit 63, 3, 271, 22 opus 1112111 10,
e. 110, so. 11111. 111, 11. 12212.
111, 11. 11. 11111. 12212. 1122.
277,10.230, 13

ο1211’*43,3 oras 81, 7
ο111121111’210, 13 10012111 240, 21.

241, 3. 10 ο1111211111212,10’.11,
12. ’247 1012 orbioulo ’210, 20
orbiculi 948, 9. 98 orbiculorum
241, 98. 248, ’21, 213, 14 orbiculos
213, 3. 243, '24 248,’ 3. 7. 3. 949,1. '
221222. 1122217011. ·

 

