-54..

fornax fornacem 41, 20. 20. 177, 0 fretum 91,8
. fornace 68,.8 107,1. 105, 17. 180, 1101000111.21,.,.,.71071221810 251,8
0. 20. 101,2. 17 fornacibus 18, 84. 1110011110 104, 4. *7

40, 8. 108, 11. 170, 24
fornicationes 10212
fornices 188, 18 . .

fricentur 100, 20 1110011111 fuorit

164 84 1684 .

frigidarium 0111. 120, 10 frigidario ·

10101010100202,0 101010 240, 20 120, 12-11131001111111 subet 12710
1114111811131112027, 10. 102,0. 0.
224,1411·13ι(100102,2.104,2 111-
31111 20, 19. 192, 10. 24. 20 11131-

fors 10110 24, 10. 110, 7. 100, 3. 108,
10. 170, 12. 184, 22

’ 1011100007 ,2.1 20, 20. 200,.0 222, 24

101110 forti 108, 11 101001021210
fortitudinis8, 7 fortitudinem 107, 21

fortitudine 138, 4 fortitudiires

,1012111111 00, 20. 08, 20144,4. 84, 21
82, 4008 6(1331111111 man. 000. 08, 20.

0010,.,.,217522481113ι(11017,0
- 1113100000. 0011018127 ex
frigido 278, 1- frigidiores 180,
11 11131010111110111108,0 frigidis-
Ι0111100 100, 10 11131410011110000,14
frigidissimis 19⁰,8. 104, 10

Pontinas 8011011110 71, 0 ad tres frigus 171, 20 frigoris 20, 24 11130-

101101100 00, 0

“ ribus 84,11

fortunae 04,2. 131, 86. 138,6. 18 1110 1110110111· *45,2
fortunam 102,10 fortuna 99,- 17. frons frondem 04, 10 1101100 01,18

146,16.161,11 =

. 010...1101,011,1.,1011

,2 forum 80, 4. 48, 27. 51, 1. 104, 24. frons 66, 18. 72, 2. 82, 1. 01, 15. 00,

105,10.108,10 foro 00, 0. 100,

11. 117, 0. 120, 7. 271, 0 frontiri ’

27.’107,20.100,1 10111111 107, 4 12,1.2.81,1787,14110111100,12

, foro 11, 0. 11, 10.·10, 10 101, ’.r

119, 10174, li. 240, 0 fora 1515

,104, 20 10110 100, 24

fossa 111, 141000 fossae 11, 11

. fossam 884,1.9 10000 01, 14 fos·
00022, 20 fossarum 270, 21 100-
000 20,7 100010 19, 22. 100, 10

· 1000101014,10. 41,7 fossiciae

14, 18. 40, 4 pl. 40, 10. 20 fos·
sicia 48, 88

fossione 187, 7 fossionem 210, 27
. 19.186,16.161,86.188,11.168,

fossionibus *210, 20
fossoribus 177 8
fossura 187 4 abl. *000 187, 10. 280,

fro’num 01101100000100,
in 110110 000110100110011,
11. 70, 10. 16. 81, 17. 82, *18. 18,
88, 89. 98, 1. 84, 27. 20. 07, 20. 08,
8.107,.7 *110, 17. 101, 14. 200, 7.
200, 83— 1101110021, 83. 47, 13. 48,
88710048 277,14 frontium 48,
10 frontibus 48 11. 78, 20 frontesi
88, 10. 80, 8. 00, 0. 172, 10. 207,
0.200,1.270,11 frontibus *48

8:¹1,18g,.16 166 ,4.866,14.866, 21.

, 10. 884,8 fossuras 100, 0100011110 frontsiios 48,18 (frontatis 48 ,10)

184,18

fouen8o 199, 24

fracibus *104, 20

(1100101010 274 ,0)

fragilis 88, 8 fragilia 270, 22 110-
3111010 41,17

fragore 198, 28

fruetus 184, 20 00110018 1111010111

245,18 11110111 204, 18 11110100
10, 1 11001001054, 89. 199, 1. 140,
10. 147, 10. 848 4 fructibus 146, 18
fruciue 54,10. 145, 20. 147, 9197,
9mfflffl,mmmm,ffi.-

. 02111077 “

1100301122,Ιο 102, 0 franguntur 00011111011002,4 110110010110002, 10
” 08, 22. 71, 14 frangatur 211,11 110010010111201, 10 frumenti804, 18

frangantur 86 86 11003010101251,

frumenta 184, 19. 147, 22 1111111011-

0 fractae 1111111111 00, 8 1100111111 110 147, 20
· *1,80 00 1100110 *48,11. 243,4 fruorfruantur8l8,11 1100000170,18

fraxinus 07, 20
frequens 20, 81. 898, 88

Fuficius 190,8
fugiens 00, 24

frequentiam 98, 12. 207, 10 frequen· fugo fugati sunt 00, 10 1113111100, 10

tia 02,10. 103, 10

fugato 40, 11

 

