-ecs

descenderet 215, 22 (descendent
241,7) descenderint 1,249 3 112-
scendetnr 211, 2

descensu 128, 7

118, 2 (1221311212 23118 11221322-
122113 8 11221322 2122 93, 23

desinit 111, 4 desiit 111,12
desistere 243,

descubrtur 120 8 253 3 describnn· despicere 132, 0
121 230, 3. 258, 12. 2585 descri- despumato 171, 20 ’
batur 28, 25. 94, 9. 141, 5. 213, 29. destina destinae 111. 129, 20 desti·

295, 19. 234, 3. 209, 22 describan-

nas 130,14

12180, 4. 214, 15. 295, 5. 238, 20 destino destinandae 129,19
descriptusest233, 3 descriptaest desunt 43 25 (1221120710 defuerit

239,13 desorip 1221 211 233, 20

*119, 5. 3213, 18 deesse ⁸215, 13

descriptum 2111 236, 20 descripta deterior 30, 23
2111 77, 3 descripti erunt 29,17 0212111122 233, 7
describendum est 25,4 1122111- detinentur 108,18 detineantur 239,

11221122 21221 238, 2 describenda

10 (detinentes 33 ,10)

erunt233,13 descriptum 214,19 detractiones 139, 25144, 10 112112- ,

descriptae 2701 deseri 122 203,

enffiun,n.<m,eflm,n.

24 (122211312131,10 2211113111 238,7

12111131212212111212911311112

descriptionem 34, 3 descriptione
23, 10. 82,23. 120, 14. 123, 10. 230,

1121121111 24 20. 34, 19. 107, 28 de·.

traxit 32, 23 detrahitur 93, 3 de-
3132ὀ111132121,34, 22 (1211221211 211

, 0.270,13 (122211311211221, 24. 11, deuenit 131, 18 denenire 52, 22 ’1
23.20,18. 121, 21. 218, 23. 27. 232,11222121221212302(12221212221833
52,-958 218, 29. 237,3 descri- 11222 der 102 21511174 24 242, 1'3 ⁴

ptionum 233, 4 descriptionibus
80, 3. 101,1421310217324123
1122211112 22111 32, 24 1122211112212111
*33, 20 1221122111 184,14 de·
221122 190, 20 ¹

degideratio 43,14.’ desiderationes
desiderio 72, 21

1130122113,1.23.13,1330,6.02,
12. 04, 28. 55, 15. 68, 20. 83, '14. 92,
093, 20. 93 28 90 *10 19.102,·.15
108, 13. 119, 15. 122, 21. 124, 27.
1014172 19 21372181 deis
*151, 2 (11121121. 13, 4. 5. 10. 50,
24. 102, 9. 213, 12 ·

dextante 7,6 19 “

1122111212 (1221112121 184,19 deside· dextro 228, 21. ’,2294 dextrum 21,

12111123, 20. 139, 3. 25. 173, 0. 102,
12 (1221021212111143,17 deside·
rabitur 222, 24 desideranda sunt
131, 20 desiderare 133,2

designatio 28, 13. 33, 3 designatio·
2212112, 4 11221311 atrones 114 13.
109, 23110, 1 gndesigrnationibun
11221322 (1221322214 7 (12213221 239
13 112232212211721411221311232
110, 22 (1221322311183, 28 desi·
31123221 11719. 21 02113222131,
23 (122132221123, 3. 283, 13 desi·
3222212214, 20 (1221322121 120,
4. 0 (1221322212113,17.124,24.
218, 23 desi 212190,12.17.114,
19. 143, 22 2213222112 02, 8. 98,
13.121,22.128,13 (1221322122221
117, 11 (1211321122111183, 1. 240,20
designatae 21112313 designata
12211111 214, 1 designari 81, 10
designatus 133, 23 (1223221212

13 acc. 228, 0. 2110, 7. 270,7 dex,
112111 31, 1. 120, (113 13. 230, 12.·
240, 23. <248,4> extro 73,13
1ω221222122
nmmnmmmmfflm
*10.12-1121112 22 21212112 23,14.
2,2-24222222
29, 7. 34, 20. 60,Ι 9. 78,10. 82, 22.
2,2222222222
2.Μωωμω2ω2
nmmnmamwm
nmemnnnmnffl.
248, 10. 249, 15. 259, 3. 201, 5. 255,
14. 267, 3. 213,(1. 2711,19-1121119
(22) 2121211222,3.29,3.117,20.-

· 234, 17. 248, 8. 15'- 11111112 21322

2121211297,18.124,31,281 11211-
112 21 sinistra 19, 9. 27, 3107, 12.
279,-13-2.,...,9211992222279.
13 228 1. 248, 10 2073 dexte·
11212*234,11.233,1(1 dexterio-
ribus. 228,14

3*

 

