.. 94...

mmmwme rwmmmememmm
(percussu 888, 8) 8 perfecisse 181,8 perficiendum
, percutiuntur857,7 percussit 858,l 242, 16 perfectus 26,11. 274,16

percusse 121,16 16116616 268,6 perfectum 154,
perdidicerunt 6,2 perdiscere 7, 88 14 perfectae 145, 88 perfeetum
mmmmmmwmemwmffimwm
mmwwmmmmtmmwpmmmm

848,18 perducet 855, 87 per· perfectae *57 ,8. 268, 17 16116-

(1616161118,8.66,7,16 perducitur tos 68, 10. 206, 22 perfectos 122,

26622 perducuntur 10,8.18, 12 16 11611661666,18 perfectis

116101166111128,27.207,20,21327 78,.7 77,6. 80,,6 124,7. 130, 26.

264,8. *247,6 16101666161268,170,11-1161166116611111111108,11

6161066616111161, 12 perducturri -perfecte *127, 26

661266,11161666661661126,1161061111 100,12’1161·061116 aec.

6. *264, 12, *2664 perducendae 24, 21

6111112612. 26,6, 16”.264,18,26 161160161116666, 10

perducere 86,1’7. 118,1. 204,16. 1611616142,26 1161161616 06,13

214, 8 perductae, 10. 167, 6 per- 161111661661111 184 8

ductae 107, 26 1161161106186, 7 perfundendo 888, 21
perductionibus 206, 10 1611166116 10,16
perdurent 18,12 Pergami 155 8
peregre 150,15 6 peregre 118,18 6666161661111611661111)11616
peregrinum 162 4 periculosae 187, 8
perfeetionis 848, 2 perfectionem pericnlum penculi 8888 pericnlum

60, 24 64, 8. 66, 24. 226, 18. 246, 8 282, 4 periculo 6, 14. 30, 21. 88,

perfectiones 186 6 perfectionibus 24, ’60, 18. 148, 6. 211, 2 244,6,

37,1’1 perfectiones 60, 13. 61, 16. 247, 16, 248, 14. 888, 8. 277, 17.

112,10Ι 118, 8. 181, 24 161166110-278,’22

nibeis 18,18.88,18. 87, 7 περιηχοῦντες (periechontes) ,*121,7
perfectus ricc. (161161126211 perimetros 118, 27
1611616 perferunt 45,4 ‘pertulit peripteros 68, 20. 00, 16. 101,6 16-

80, 24 16116166616*166,20 11116166 100, 20 peripteris 76, 6
1616611616. 220,,6 11.16,’220,20.1161161111611 148, *6 bis *21 11611-

26. 887, 6. 12, 240, 1. 266, 26 1161·- stylio 188,1. *142 24 peristylia

fierunt 47 88 88 88 136, 21. 216, 127,,.424 148 88 i48, 14 85 146,

20. 881,1.884,5 244,18’ perfeci 6.1,606 peris yhoruru 70 8 142,

284, 88 perfecit 20, ’21. 26,7. 66, 26. 146, 88 peristyliis *178, 8

28. 162, 2. 216, 6 16116661611 peristylial48,18. 160,6. 18 peri-

110, 6. 116, 84. 845 8 perfecisset 61111161761621

158,18 perfecissent 66, 26 per- 6611011661 (’1161111166111) 847, 26

11616111 8, 21.12,26.06,20,67,16. 6111111116(1611116161)*12,’21

mwwwwwmmwmfflmmmw-

1611161661612,16.66,0.66,1768,(1611116166 18, 21) peritreti

24,110,14.136,14170,116213 *266, 11

16611’,167,7 204,6. 218 26 *266, 16111666, 18. 6, 4. 116,8 peritum
’ 6 perficietirree,8.74,18.·118,.1 84,18 periti *14o, ’25 230, 20,
128, 6, 268, 87. 242, 2 perficientur 848, 20- 161116 7, 10
77, 7. 88, 8. 123,.3’128, 17. 181,10. perlegeret 188 88
142,16,’144,11’, *171,8. 266, 10, perlibretio 206, 17
858, 26 perficiebatur 874, 10 161-16111616161111116111200,8
6616161120, 24. 208,8 1611661611- perlimat 126,18 .

1111 40, 7 ’perfecti sunt 88, 24 1611661111161611146,20
1611661666111266,21 perfectum 1611661066116116616660,12.206,12
eit 242,10 perfectae sint 188,4 perlucidum 166,16’161111611166
16116616 fuerit 104,7 1611661116 64,8 116ι·1116111116176,18 164,16
111611111124,12 1161116616 66,11, perlucidis 106,19 ·

 

