-lw-
’28, 10 39, 22. 48, 22. 90, 28. 99, 2. 1811001991102, 22. *9, 12. 12, 29 18110-

· 91111,11.11.9’,1.01,’11.90,’91.

nnmmmnmnmn
QuQstmsma

ramamnmumma
snncmnmmaw,a

19. 999, 10. 232, 9. 240, 9. 249, 27.

, , 293, 9. ’299, 12. 284, 19 ’19110119*2,

1ωὼ992999999

cinctionis 189, 1 ratiocinationem
102, 9 ratiocinatione 2, 20. 9,9.
74,1 119 9. 116, 24 191100199110-
nes 11, 7. 110, 19 19110019911091-
bus 119, 4. 282, 9 ratiocinationes
8, 18. 19, 29. 102, 12. 194, 11. 291,
1’ ratiocinationibuse, 1. 94, 99.
91,19.199,1219,12.2’92,11

21, 4. 29. 28,.2 92 ,..(9)9 99,11. ratiocinatur ’129929 ratiocinantur

9999999999
ewwawmnamws,
rwwrmwmw nm
mamm9.nm,w.9e,

.19999ωω99’999

111,4.*269,6 ’191100199901200
29 ’1911001119901Ι 91, 8. 191, 12’
ratiocinandum erit 29, 18 ratio·
cinari 949,1 ratiocinantes 96, 29.
949, 99 ratiocinatus 219,19

=nm9mmmmmmmmn

rmnmwmmanmanmmmmffiffiwmQQ
189, 21. 209, 1. 214, 9. 219, 18. 219, 29 181879,19.79,1.*80,17.84,
· 13. 217, Ι1. 0. 222, 20. 249, ’9. 247,9. 3. 95,1. 19 109,4. 142, 19 retis
. 949, 23. 290, 19. ’18. 291, 9. 292, 22. 98,9
294,924 299, 9. 11. 296, 12 291, eeue'nnae 91, 18 1199099991 20,.’9
11. 298, 19. 299, 12. 294, ’1. 299,1’ 90 10
οΜ9ωσωωωεωωπ9ωωωω9
281,18. 2822 rationes 4,9. ’99, cessit 2291 recedatur 110, 9
¹ 19. 92, 19. 99, 11. 99, 19. 104, 29. recessum 1110111 199, 21 receden-
’ 142,19’.144,9’. 146,7. 191, 9. 172, ’,0011198178 19 1609119119 293, 24.
9. 18910. 2’09, 29. ’,210 21’ 288, 7. 298, 19 re'cedentes 140, 18
280,1.287,9.2’41,29.22919249,1869118199,19 recentes 88, 17 -
· 99. ’,249 20. *264,’ 29. 296, 298’ 49, 18. 22 recentia 46,9 recen·
*18. 19. ’,280 4 1211099111’198, 20 tesi 212, 23 recentibus, 278, 24

¹ ι· 'fusionibus 11, 9 19110992, ’.19 receptacninrn 201,1 1000019099

3,.19 109902927 8613 57

207, 9

’ 10. 94, 19.11,2’2. 13, 8. 87,’ 8. 999. recessionibus 21,8

’194, 29. 118, 24. 11910. 1941. 1. recessus recessiorem 12919
198, 19. 149, 6. 9. 149, 2. 14912. 2100010111 recessu 101,9
149,12.191, 9. 198, 18 192, 11. rechamum 949, 8. 19

171’4. 179, 22. 177, 1.184,22 218, recidere 189, 22

29. ’,229 18. 20. 229, 20. ’292, 17’ recidentes 694 ·

20. 278, 24. 279, 2. 17. 284, 21 ra- recipit 19,10’ 89,18. 40,13. 41,2.

mmmrucwwmm
nsnnmwmnun
999999919909,
19999Μω92
9999999999

· 999999999

Μ9ω9999ωω9
,9999ῳω9ωω9
nnmuamnmma
m.mw.annnmmn
em‚ma‚mmmmm

200, 19. 20. 208, 29. 210, 80. 212, 1. =

8. 214,..98 2’18, 19. ’17 224,18.
239, 9. ’,289 8. 288, 20. 289, 9. 292,
9.2119,21. 297,9. ’299, 19. ’,29822
(rotationibus ci. caniaco, 2 2’11,
. 999999

19 29. ΞΙΙ94, 24. ’99,.1 1919220.
*229, 14. 242, 8. 292, 19 recipiunt
99, 94. 96,· 19. 98, 9. 89, 19. 100,12.
119,9.116,13 149, 29. 199, 19.
1111191892 182, 22. 188, 1’. 22.
192, 28. 199, 20. 2982. 294, 10.
219, 22 recipiat 122,’1 recipiant
911 reciperent 61, 18. (296, 19)
196990199191,22.199,24.219,17
1000001191299, 19 ’1001019119
16010 recepca' est 89, 12 reci·
pere 69, 90. 96, 96. 60, 1’1. 109, 29.
194,21.198,.9 410, 24. 189, 22.
229, 22. 289,’8 recipiendo 91,2 .
198, 1 recipiens 96, 18. 21. 99, ’19.
199,11. 2909 198, 98 recipien-
tes ’99, 21. 9’6, 1 recipientia 299,

 

