.’-5-’

555555555
5555555055
555ῌΜ5Μ5Μ5
18. 200,7 eorporis 82, 21. 68,13.
555555555
’5555555555
215, 22. 248, 21 corpore 12,15.
17, 22. 18, 11. 41, 24. 28. 54, 18 88,

10. 57, 18 88, 4. 88, 5. 104,81. 184,

5.55Μω5,5’555
5,ΜΜΜΜῌ5505
5Η55555Μ550
55055051555
5555555555
555555555,
8. 14. 133,“24 corporibus 17, 21.
505555155555.
1505555555
55555ωω55
55Μ5ω5555,0
5,55Μο5155.

218,10
correptiones 238, 23

5555555555
15555555Μ55,

555555555,.

5.7.1011.18.14.16.18.18.21.28.

268, 2. 4. 5. 270, 10. 11. 14. 10 bic. ²

21.271,1. 2. 5. 10. 12. 18.17.18.
20. 28. 277, 25 crassitudinis 58,24.
71, 24. 77,’10. 12. 18. 21. 78, 5. 80,

’,11.84,.486,1.,..8878881’,18824’

25. 25. 100, 2. 26. 168, 25. 258, 21.
267, 24. 278, 5 crassitudini 78, 23.

· 74,1.123,50100111011111011121, 18. ’

85,8. 48,15. 15. 71, 11. 78, 14. 25.

7818 8588715 84180518 ’

08, 8. 100,’8. 211, 17. 270, 8. 277, 8
crassitudine 21, 4. 21. 28. 22, 88. .
47, 26. 48, 6. 18. 52, 16. 17. 71, 26.
55555555555
555555555,
28.158,18.168,17.18.156,20.168,
4.171,18.266,12.270,17.275,14.
211,21.273,14’.28.273,1.8 013001- ,
tudines 78, 10. 21. 82, 23. 84, 27 - ’

11008214. 76, 17. 188, 20 010001-

ΜΨΜΜἋΜΨΝΜ81505ΜΜο55
u lus

13 correctam 174 23

00111ρί1168,12.178,5.188,16.241,4 105, 28. 105,1.8 247,2 .
corripiunt 42,4 corrrpurt 280 84 crassus 24, 21. 78, 13 crassa 73, 23.
compr 224 21 corripiendo24l, 13 32, 21. 248, 23 crassum 164, 21 -
correpta 41, 21 correptis 43,10 1001128.1o crasso 203 111 0101·

corrumpunt 140, 25. 144, 23 cor· 00085,1018.100,24.10521265 1
550001011713005011111010128182787 0105027812 crassas ·
30011οι5111 88 3 corrupto 182 22 108,18 crassis 180, 88. 276, 1⁴-
corrup 17,13

00110101 11511) 148, 21 0050014513

00100302 corsae 88, 3. 28 0101013513

cortex 200,11 crastinus 28, 4

corus (ch 11511) 23, 22. 27, 12 corum 0101010 (0101010111) *230, 23. 231, 2
28,14 u. caurus CratesBondampro Encrates 13214

coruus (coruos)ssdue280 24 coruum cretes *276, 23 . ’
1100101110το5273,22 Crathis *188, 3

coryceum 127,18 , 01011011 pt. 83, 20 craticiorum 83, 24

001 coto 171, 20 0101101111 161114

Cossutius 181122. 181,18 Cossutio creber crebri pt. 42, 14. 43, 18. 44,
181,18 2.,*2783 0105100187, 21. 138,6

0011511000 210,18 cotidianum 188,
18 cotidiano 203 14 0011111ἰο11033,
24. 224, 6. 225, 7. 15. 241,5 0011-
(1101100 248, 28 5801501105

00111110 84,11. 85,25.156,22.188,
12. 228, ’1. 18. 240, 5. 241,1

75,15.70,18.78,18.152,1 cras·

crebros 181, 18 0101110024, 81.
¹ 177,7 crebre 233, 28 crebris 82,
οΜωω555555
178, 11- crebriora 38, 8 creber·
rimus 21, 22. 78, 1 creberrimis
Ἰ126,1-- crebre 57 12. *111, 8.
*1881— crebriter48,28.18818.
55551 5,05555555-

cous Ooo 882,18 rime 276, 24 2
¹ crassitudo 88, 8. 70, 17. 20. 72, 3. 78, crebritatem 74 1. 80, 20. 188, 2. 237,
1216. 74,10.14. 75,13. 77,7.78, 17 0101151010 71 8. 111, 18. 262,

0555555555.555555555Ϊ

 

crassior 108, 13 crassiores 74 4 .

