- 79 ..

Mercurii 50 6 660, 6. 17. 661, 5 1661·111111611ο1616604,460161116116666,68
’ 66116606 1611116611 Caesari 606,16 1611116116· -
16616611168,6. 6161111166 1116167618 .
666616661616111511.168,11-16611-161116167,66.664,18 16111667, 4..6

diana 66, 6. 664, 4 meridianum 651, 1. 60,66. 167,67. 196, 65. ,

16,9 661161661166, 14 1116111116·197,1.606,4.666,16.664,17.19’

66669,1.1061611111161116166,11. 6111161667,4.679,61 611116 pondo

67. 661, 66 meridianam 198, 7 6661111611.681,8

1661161616 66,.8 10. 66, 6. 616, 16. Milo 616, 18

668, 6. 636, 4 1661161166166,5 Mineruae 8,4 101, 66. 169, lo. 159,
, meridianae 191,.1 137, 11116 1116-.9.4.19,9.90,7

ridiuuorum 161, 6 meridianas 167, miniaceam *176, 64 616166611171, 10

7 667 15 meridiana 191, 1 meri· Minidio 6 4

dianio 166,.4 164,66.186,8.191, 16161166 6. parum

15. 619, 8. 660, 14 16161661176,14,16.166) 161611177, ·
6161161617,16 6666166168166, 1. 178,9 16161616 177, 6 minio

60. 144,60. 149, 760. 61619, 111 175, 7.178,16.66.179,61 ·

61611616 16,10. 11. 16. 64, 66. 69, ministratio 147, aa 61611116666616,
18.108,69.165,4.136,4.147,8 150 6

1166661916 ministro 616111166161,171,66 . ’

iiiiiaiiffbili ι 1111111111111111118111111116
l
merx 61616116644 61666161799 minuendorum
mesauloe 150,18 6666166161691, 5 minusculo 176, 64
mesolabii 617,6 minuti 16,8 66 minutissimis 46, 66
μεσον (11161ο6)11616-16616 116,18 96, 61 - minute 41,18
’ 1661611116,1.66 meson 11618. mirabiliorem 606,10
66 511 116, 6. 16. 17. 64 mirabuntur 60, 611 mirandum est
1691611166,01118169698,10.17 metas 1991116.7,18.150,61.190,.,5609 .
95, 0. 16 60 miram 677 miranda 6158
11616116661166111611111,1116 16116617,61.9,4.100,8
iffine 161,6 misceatui 41,7.169,10.109,14
me 616 176, *19. 60 166161111179, 611666161186,66 61166666640,6
⁴ 63 abl 179, 9. 11. 181, 60 mixta 166, 111. 171, 18. (180, 90) Ι
Metelli 09,19 ubl. 169, 61. 611, 19 1111111600, 69
1161161111,1.11,1.111,6 “ mixta 4118 6111611111
1661161 mensum 66111611 66 6 1666- 611111ο66166, 11. 60, 4 1611111166 *66 6 ,
· 11116169 , 161111661511166,4 .
Meto *666, 64 Mithridatico 166, 6
μετόπη*81,15.*86,64 metopae 61111116611 (611161116961116
(16616611611111161151118961.91,6. 5661111016 (misit 167 ,64) mit·
96,16.66,6.15 6616661661*90,·16161166,16 61666161677,15
1. 91, 7. 96, 16. 96, 18 metopas 00, mittebantur 150, 14 mittero 6, 6.
90. 91, 5. 99,6 16610ρὶ1661 59, 69. 665, 6. 1.6 600,.7 669, 1. 0.
Μ611666161 6048 14 6111166116 68416
metrum metra 106, 10 mixtionis 41,10 mixtionis 166, 14
16616661 1,8 metuentes 651,4 mixtionem 18, 4. 46, 4. 16. 57, 1.
166161616111600,1 58,16.06,0.109,18.610,191611· .
61666166 mer 168,18 meo 1586 1166646, 60. 57, 6. 61. 68,.6 184,14
609,16 1661869610 161111661511110419.17,16.17.19, ’
161666176,18.178,5 64. 67, 0. 197,68. 198 7. 168,19.
1611611611116669,90.678,69.680,5 170, 5

militibus 61, 4. 16. 19 · mobili 16,8.119,8 mobiles 116, .
Μ116111181019189,19.696,18 Mile-1914 ’
1111 85,6 1666161111,14 6661661668,7.665,66
Miletum 866 Mileti 161‚9 , 16ο6161165,66-616616611,64.16,1

 

