.. 14 ’-
, 74. 77, 77. 77, 7. 47, 77. 47, 4, 9. 77. babyloni (eun) *7777 Babylone 99,

5⁵:⁵9 91,1.9.10.99.·19bie. 777. 1909, 7. 77777
„a 9. 19. 777. 777. 77, 9. 99, 77. 77, baeua 777, 77
, ν. 7. 74. 77. 77, 1. 77, 19. 99, 99. 77, baculorum *47 9. *7777
· · 77.77.77<37>.77,777. 77,<7>.77 baianis 47, 7. 77
bo. 99, 9. 77 7. (7). 4. 77. 77, 9. Balearibus 199, 19. 909, 10
· 109,9 104,28. 103, 10. 108, 8. 20. balineum*2lb,‘.ll balineae *19 13.
77. 777, 77 777, 77. 777 77 77 77. *747 77 balinearum 191399. (tul-
. 119,99.119,9.199,99.190,99.199, ueuuuuu*199‚11 balineis *777
. 19. 199, 99. 130, 22. 133, 23. 134, 4. balineas *999,19 balineis 199, 13
·. 777777777<7>477777477. ballista 777, 77. 777, 7. 74 ballistae.
, 2 7477. 10. 119,91.119,19. 74777. 77, 90 ballista 991,9 ballistae
191,l.9.1b.109,0.11. 194,9.9. 941,19.9bb,90 ballistarum ,99.
³ 777, 77. 109,19. 74. 777774 777. ’7, 9. 990, 4. 777, 19. 777. 7. 774, 77
’ 774, 77. 777, 77. 77. 777, 19. 199, ballieiie 991, 74. 777, 4. 999, 99.
7777777. 74.-77777. 7777. 777, 77777 ,
4. 777, 77 bie. 777, 19. 199, 1. 199, balnearia 77777. 744, 74. 199, 99 ’
2017. 4. 188, 13. 131, 13. 19. 199, (balneum u. .boliuaum*)
19. 199, (9). 94. 777, 74. 7777377. bollai 99, 74 balluarum 77, 77
*777, 4. 774, 77 77. 77. 777, 7. 7777777777 774,4
77. 77 bie. 909, 74. 777, 77. 77. 777, barbariae 7, 7. 777
(90). 99. 74. 777, 7. 7. 77. 777, barbarorum 77777777 baubuuue
19. 919, 74. 777, 19. 999, 90. 999, 77, 74. 77
90. 233, 21. 238, 1. 11. 14. 19. 19. Εαροῦλκον *2471
99. 243, 3. 233, 21. 233, 9. 233,13. aryoophulao *1711
77777777777777. 777, 1. 999, basilicae 109,9 199, 4. 77 basilica
19. 991, 77 aui-au919,19. 109,9 basiliana 747, 77 37711177-
7774. 77, 77. 77, 7747, 747777. uuuu 777, 74. 777, 1. 19. 747, 77
77, 77 74, 1. 90, 99. 74, 9. 77. 777, baele 991, 4. 0. 999, 77. 77777777,
18. 143,13. 11. 143, 11. 171, 13. 24 37717777. 21717 baeeue 211,
777, 7. 774, 77. 77. 777, 7777. 747, 90 bani 774· basim 77, 77 *777,
’77 77777. 7777 aul-eeu ‚19. 777, 9. 901, 7. 777, 4. 777, 9.
777, 77 . , 77777774 baai 991,9. 999,19
autem puaaim (774) 7747, 9. 191, abeatis 777
77777777,77777777777) belliue 7777 - ,
, aubeualepeeetaa *231, 23 bellum belliuo, 91. 131 99. 234, 22
autumnale 99, 77. *777, 19 autunu- belluuu 4, 74. 991,9 bellu 4, 77.
nali 74, 77 autumnalia 74774 90, 9. 199, 7. 774, 77 777, 77
autumnalibus 199,·1 bellus bellissime 203, 23 ,
autumno 3710 ¹ bene u. bouus
auxiliatur 999,9 auxiliaretur 2373 ⁴beneficium 199. 13 beneficio 2, 3.
auxiliata 77777 90,11.101,11
auxilium 32, 21 auxilio 119,19 auxi· benignitati 190,9
lia 99,99. 194, 77 auxilius 990, 77 Beuueua 77777. 999, 19. 77774
axiculo 233 22 axiculi 23713213, bas bessem 31, *1. *14 (bos altulum)
77 axiculos 7477 beuealibue *190,19.*190,1b ,
axis 233, 12. 11. 241, 21. <999, 9.) bostiam eabae 230, 20 - bestiarum
’ 7777477777 axia 199,9.19. 77777777777. 7777. 77777. .
777477777.777777777777, 77777777
14 axem 13311. 99. 999, 19. 243, bestiolas 33, 19. 141, 23
19. 233, 7. 11. 13. 13. 231, 2. 3, 233, bibliothecam (libri abiqaesarebybl.)
91 axo 243, 11. 233, 23. 231, 11. 133, 3. 20. 131, 13 bibliothocae
990,9 axi abl. 77777 axae 99, 144,18. 74777 bibliothecis 777
19. 99, 19. 199, 1. *1. 24711233, , bibliothecas 143, 23 bibliothecis
’ axau999,tauoui·990,19auuua991,o,bibu bibli 77777 bibunt 199, 77.

 

