..92-

242, 22. 273,23. 11111. 11111111. 411111111111111111111 160, 15. 1111111,
183,3 - nec 11111111 66,17.76,11 13 patrum 11111. 11, 11 patribus
- ne minus 80,1, 106,17.11-1,11. 14111.7,8.1·15,8 4116111111. 13³,28
. 111,11,111.111,11 111,1. 111, 11. pateram 111
11. ’111, 11.1.’11 11. 11. 11 111, 21. patitur 11,11. 11,·11.11,1ι.11,11.
111,11’111.1.’111,111,11.111’,11 11,11111111,1111111111.
- nihilo minus 221, 3- quo 10616.176,7.111,11,111,11
1111111666- minime *30, 22. 41111111161131,18.10,1717, 1818,
67, 3. 131’,1. 157, 6. 161, 11161, 5.52,14.53,2.152,10.124,13.252,
4. ’16. 171,’13, 1013111111 25 patiatur 15412. 137,ss patian-
paruulus 167,1 1111111 4111111111·103,6 pate·

paruum 107510 paruo 46, 8 parua, 1·1111111·167,8 4111118101· 63,8.55,0.
10316 4111111116. 1313111111 154 27 165, 7 166, 25. 170,6. 12
113,’1- -4454145111, 44- 5445541154, 4111111111 22, 2. 106,’6. 163, 16. 661,
111111811111,*111,1111111’16 1111111111, 16. 181, ’16 pati
25 11111111,11.111’,1.·111’,3.63176857
111, 11. 111, 11, 11 (11.1 111 ,’11) 24114012411·1’2*42,4
,51554141355 ἐ 10 107, 5, 11144, 5111111181, 6 4111111111 131, 11 4111111
1111111111 111, 11. 111, 1’. 111, 11. 61, 6 1136111111
254, 11.111,11.111,11 minore 416131ουὶ1 111. 11
11, 11 111,11111,1’,11111.111, troclea 166, 1’2
11’ 111, 1111, 11, ’111, 11 111, 11 1111111413 11111161 161 8 1111-
411201225722’ 415, 45’, 415, 4, 445, 1111111113, 10 41111111 10,1’1 pauca
11111,14.’111,11111,111111111 132. 9 166, 8 4111111 161. 11. 111,
1111 minorum 142, 6 minoribus ¹8 263, 3 ’2644 ¹2 163, 22’. 176,16’
66, 16. 111, 16 1111111118,10 -164166111166,61
minora 11, 1’. *111,1. 111, 11 mi 251311101114514344'10
55444455 15'4,10.1’40,3-2454·t. 4111111111111111360.131,16.171,16
’ minus 111,1’1.116,11’.111,1.*11.1411611116*163,11.111’,10.11 411.-
1454, 5, 45, ’,5 5, 11’ 44, 51, ’43, 19, 1111111111 116,13.166’,.6 16111
114145,5’114,44141,4 4111111111161166131761411·

1111n111141111243⁰ minim1,2111273 25 444440444441443433433 21.144,10

„„„„„„ 555514, 445545 5554 41111111111111111 166, 13. 171,11
5445 445444 55554, 55555545 55 411111111111611161,11- 16116163,

4. 47, 20' minimo 71,1.11,11 1118416

4)111161’11154,34 5555445454. 45, 45 4111111161 170 4

. 442 pascebantur 18, 24 pascendo 3744444444 4814347143144913 143640
181, 16 4111111·1167,17 437144· 474) 4 ’333132-66666

1111111111,11111,1 4444444444 ,44834411 ’14 16114161,

41151111.,17, 6 passuum 1111 27, 4. 55555554 4 23
41346344 4) 6144414143 pax pacis 111, 11 pace 111, 11

411161111111165111111) 14611 „mati ,4, 144

p442101251,‘40 p4210122172,18 5555555, 5., ,5
14444643644444433714 P¹¹¹¹¹fe⁰¹¹ 224, 33 4111111141111111161*167,10

[1111111113 41161111163,1.163,17. 4411611166,16-117,4’41111ο1166,
11117’4111111111111611411-1;·,κ14,’>-4-41,5 4445554551, 45
11111111118.11111,11’41111111,11111111111115111116

. 163, 13 3111’111111124, ¹24 4111111111 44111111111111, 16 4111111111 11, ‘24’ 134,
32,13.108,18.123,25 putentibus 2 ,131, 2 pecuniam 133, θ’, 251, 47
61’11.111,11.41,1346616, 16 4111111111636 133,1 11ecu11i112
7016171111101 patent1014 43514
131, 17 41111116661611141111111610

Ρ1111’(111611)Ρ1111176,16.111,3.11.117,’1.6 174 ,1’8. 166, 18. 168, 11.
166, 6 11111111 30, 10,· 60, 25- 17 411111111116,1Ο 4111111111118,
4111111137, 11 4111111163, 13. 137,8 13 168, 6

 

