-123-

0000 000001272,16 0011010116, spectaculo 24,7 spectaculorum
10 rs.sss,so sonando 104,10 106,11.111,10.00.100,10.040,0
000000 121,13 sonantia 114, 21 0000100010 106,4 spectaculis 60,
00000100 263,2 sonantibus 116, 23 2. 100, 16

sonus 136,20 00001001 111,12. 113, spectationem 244, 4 spectationes
20.136,8.137,3 243,10 spectationibus 12108, 14

Soractinae 44, 22 spectator spectatorum 617 110, 12

'sordes 238,2 000010 0000101 16,10.40,6. 114 13.

1101011027 126, 6. 140, 7. 20. 226, 10. 17 000-

spargent 16, 6 sparguntur· 38, 4 01001 16,18.78,11.-144,21.140,
spargere 17,0 000100 206,6 26.101,18 spectet 06,2.224,20
sparso 200,18 spectent 06, 4. 102,18. 144,14.

000110166,14 146, 23. 147, 27 spectarent l,4

spatiosus 160,. spatiosos 127, 10. 000010600116, 8. 10, 10. 117, 22

140, 27 000110000100,12 000110-
sos 12616 spatiosis 140,2. 162,
23- spatiosiores 143,1.3 sliu·
11001001 106, 6 146, 23

spatium 26, 0. 10. 11. 60, 26. 70, 8.
03,17. 18. 00, 16. 106, 10. 106,3.
120, 22. 136, 3. 130, 30. 147, 15.

spectauerit 128,2 000010001101
124, 6 00001010 06, 27. 06, 12. 117,
12. 128, 20. 144,13. 18. 146, 26
spectando 146, 24 00001000 16,1

-107,4 spectantes 143, 28 -
140, 27146, 10. (268, 8) 0000100-
110131, 1. 144, 1. 147,22 0000100-

148, 16. 140, 0. 226, 13. 260, 12. tibus 61, 20- suist. 0000100110

266, 16 spatii *268, 17. 263, 17 240, 26

spu 0110 71, 2. 'l,41 22 ”sprutium 34, speculatoribus 283, 11 ⁴

30, 04, 21. 114, 12 134, 10. 137, 28. speculum 168, 26- 225, 22. 237,11

141, 6. 166,4. 102, 21. 220, 1216. speculorum 160,12

221, 11. 24. 226, 13. 26. 227, 2 20 000000 2847 pen. 284, 0 00000207,

23. 258 ,(l7.)13. 201, 16 000110 10 000000 176 10 207 16 28426

22 2,6. 26, 21. 27, 7. 34, 27. 62, 26. *187, 22. 283, 10. *16. 10. 21. *27

00,10.80,20.06,16.103,26140, 00010006200, 28 speluncas 34, 6

8. 162, 0. 20. 163, 13. 22. 102, 6. speluncis 3111411027

208, 20.217,16. 223, 16. 226, 10. 0001011, 7. 32, 25. 133, 10 speremus

226,11. 241, 4 00011020,10.62,131,16

mmm.mmmnmmmmumwmmmm,4

4.106,24.110,12.123,14.233,21. 0060010160020613 acc. 0220611

268, 4. 7 0001110 00, 12 000110 00100 2228, 8 00100 testaceo 166, 11

36,16. 60,18. 87, 12. 10,4 12. 144, 0010310 164,4

“ 2 1,72 14. 221, 6 16 226, 22. 227, spinam 228, 10

1. 26. 230, 8. 22 240, 2. 6 26. 241, 00110123 ,<1>.8 001100 7718. 78,5
6..0 13. 11. 10. 21. 266, 17. 266, 0. 001100186,6.123,4 spirae 76, 26.
262, 20. 264, 17. 266, 28. 260, ,4. 77, 6. 30, 24. 25 spirarum 71, 1.
272, 4. 273, 8 spatiis (70, 14.> 72,6. 76, 17 spiris 76, 26. 78, 7.
*102, 5 220, 21. 266, 11 166, 25. 118, 13

species 12, 3. 15, 24. 80, 10. 88, 27. spirabile 243, 28. 244, 4

26, 26. 04, 11. 130, 6. 167, 21. 171, 00110010010111100,11.181,14 spira·
20.104,14.210,1.7 222, 14 (2281110010. 176,—3 *21
8) speciem 3, 20121630, 12. spiritus 100,20 184,11.200, 21244,
64, 4. 66, 13. 68, 10. 71, 22. 74, 2. 4. 262, 26 00111100 23, 27. 184, *8.
.81,22. 82, 17. 84, 7. 86, 4. 36,l3. 22. 188, 23. 1233. 208, 24. 237, 6.
107, 21. 110, 17. 26. 28. 123,18.10. ‘ 244, 16 0011110111 24, 4. 137, 8. 262,
130, 2. 153, 26. 205, 14. 225, 3. 231 16 00111Ἡο 28, 1. 33, 24. *260, 26.
14 000010 *76, 2. 86, *2.*10. 88,25. 260, 10. *16 spiritus 5, 24. 16 ,6,
176, 4 0000100 11,21. 70,12. 71, 28,8.16.136,10.133,16. 211, 4.
17. 13, 2. 36, 26. 83, 23. 115, 16 262, 11. 108, 21. 136, 17. 144 23180,

0000100101 41,*23-00001001010 8. 102 28 210, 26. 28. 237, 21 001-

146, 22 11111011 10312

 

