...71,-

214, 1. 191, 9 labores 199, 91 1190-
616119 9, 96 94 9

0480046, 94. 46, 4. 8 949, 97. 961, ,

196969196969911761969691164 96 1991990914 lapidis 41, 24. 42, 90.
“ 19696969 18,19 laborantes 9019 961, 11. 969, 6.,981 11991699]

1. labrum 940 ’17 19669 196, 96. 949,

961, ’11 199169 66,16.41,91. 109,

99 1116697906, 7. 916, *6. 0’. 961, 16 99. 116, 16. 717611. 901,9 909,16’

196619 196, 7. ’906, 11⁸-
2. labrum 196, 14 1966119619 19669
966,16 1966961169 196, 16

1919169449, 19. *66, 99. 160, 96 999.
168, 4 986, 4 19916919 919 9 lapi·
616116 46, 16. 47, 6. 66, 96

199 199119 208 96 19919 99 9.*189, 24 laqueum 98414

Lacedaemone 49, 11
lacertarum 199, 94
lacones 4, 22

largiter 161, 4
Larignum 69, 96. 60, 0
1961399119613119 60, 9

1999919969’196,90.180,6 999. 197, larix 69,4 ·
99.180,8.11’19991119’1197,99 1999619161 ·
199619916919 lacrimarum 906, 96 19199 19191 996, 91 19199961, 9. 996, ·

lacrimas 177, 7

laeum} 199111199’ 164, 6. (966, 17) 19·
cunis 186, 19. 99

lacunar 298 ’17 1999119119 60 1. 149,

4 997 19 1919161919 41, 96 ’19191111
49, 19 1919111111 7111, 16. 961, 94
19196199 66,4.106,’16. 191,16

1919611699 96, 98 “

9 99 99. ’149,19 1999999999 991996 99, 9 1919199 99, 9 latere 19, ’

98. 99, 17. 141, 8 1999996119 *108 6
146, 94. 149, 94. 166, 9

lacunosa 906, 99
19999196,16.’91. 19691994 lecum

8798,94.49,4.18. 1961 1919699
69, 19’. 16 laterum 68, 96 191961-
69167, 69 60894919·- u.
semilateres, 999919196111 ’

90,90. 46, 16. 190,19. 196, 10 19911 191969619 99611. 978,10 1919696119

90, 91. 166, 94. 166, 90 199119 196, 8.

916, 16

10. 196, 6 9010 4011. 180, 611. 607,’16 1919606111 196, 98. <170, 16.)

1991111 164, 96 laedunt 96, 16 199-1919699196916191961996916 1919
1199196197, 99. 68, 96 laederentur 6191969969, 7. 66, 11 1919619199

60,7 19949 9999111 18, 97 19999
1999914618 1119696999, 14. 169,
11 laedi ’69,9

66, 9 1919619199 49, 7, 1919619111
47,’ 99 1919619119 96,10.49,1-

19691. latericio 154, '11

laeuus laeua 918, 99. 999, 6 laeuum Latmo 1901 1911116918, 7691199191,

61, 18 199110 998 18. 99168. 961, 14

99 991111'91111919-19111919091’

199119 0196. 998, 11. 961, 7 199110 latitudo 99, 877, 18. 81, 9. 87, ’10.

(1923296916 91. Μαι. 999 ,1)
1961691169 64, 94. 61,99. *1197 19111-

bentes 7190, 7
lamella 168, 96 1911691199 181,16

lamminae 1¹99 lamminis 11619.
969,9 (1969191999 966 ,6) 1919119
17,9 17.18.*908,7.1716167908,
9 9666 1999961197908, 6 19919995
*966, ’6 lamnis Ι*966, 91. 976, 4.
978,1. 16

19999’1,87 10

1999699616 , ’

lancula (1193919. 61,)*96919

19916919149,19

6996199ηεί911 198,10

1991699196, 19. 16 19916999719 19-

, 9111997497 19916919 69 968819.
109,.9 199,.6 71,16. 89, 7. 104, 98

1991166916199999 1996691919

01, 99. 99'. 709, 7. 94, 14. 16. ’⁸94

97, ’79 99. 94. 9’8, 99. 9’9, 16. 100, 9. ,

191111. 1086 199 9 1991116,
19. '19. 191, ’91. 144, 1..*1 l²10. 11.
9Ἣ9Μ9ᾛΜ6Μ99
991,19.(11’..)19 11. 19.11.'19.199,
9.4..,.....991911119196199.

971, 9. 6. 10, 19. 16 19. 90. 977, 90. .

961, 6 191119619619,11.69,16.
87, ’.16 14. 99, 96. 101, 6108, 6.

’ (110, 1.) 149, ’8. 9. 11. 146 ,6.8.Ι ’11.

144, 4. 967, 24. 968, 1. 970, 4. 6.
9199 latitudini 99, 19. 141, 9. 4.
147, 18 latitudinem 12, 11. 22, 97.“
76, 94. 76 19 18, 18 66 4’ 98 99 199,

19' 141, 16. 142’, 12. 967, 6. ’970, 16.

973, 96’ 191119616660, 1. 70, 1. 780, ·
9. 61, *6. 77. 99, 16 64, 16. ’,08 11.
104, ’6. 106, 96. 110, 9. 3. 190,’ 10.
1299. 140,'9. 141, 911. 142,10.’199,

 

