· 90.991,’14.939, 16 ,

- 70 - “ .
39, 14. 40,6. 43, *14. 97. 46, 3. 13. 1611161661 39,8 16111611139,7 iudi·

, 19. 49, 3. ’49, 6. 11. 16 67, 3. 68, 6. oium *19,’9 1661610 9,1’8. 139,9
· 10. 19. (66, 9’.)63, 99. 64, 96. 66,11. 16111616. 140 9 1661616666 96,19.
19. 90. 96. 66, 6. 70, 10. ’90. 71, 89. 166, 0 16111616. 199, 99 16616116
90. 79,6. 73, ’10. 14. 74, 11. 11. 90. 34, 14. 36, 19. 69, 94. ’64, 6. 173, 17
99. 76, 18. 76, 17. 99. 77, 4. 80, 11. 166166 31 11 166166166618,19.9·99,
13. 16. 17. 81, 8 (86, 94186, 1. 89, 16 1661666113199 1661661133,18’
96 96, 99 91, 99. 99, 14. 91. 94, 91. indicaui 103, 96. 104, 18. 161, ’16
61. 6116166, 10. 66, 16. 66,’ 16. *66616 6116661661, 11. 166, 11
, 100,14.101,10.19.106,6.99.107,1116166161186,0 166166666161· 90, .
6. 2'1. 1161. 11616. 2'1. 120,12s 16 iudicatae sunt 114, 21 iudi-
191, 7.16. 196,6. 134,16.99. 136, care 10, 8. 94, 6. 36, 94. 46, 93. 63,
“, 8.1’37, 10. 1411,11.*149,19. 144, 1363,4’ 16616611 173, 91,’ 9138.
19. 146, 91. 146, 96 99. 147, 9 98. 999, 19 iudicatos 6666 174, 10
160, 94. 161, 9 4 169, 11. 163, 91. 1111116666 64, 14 16616661661333
166, 9. 167, 97. 169, 4. 9. 199, 9. 91. 167, 10 '
161, 8. 169,’96. 164, 4. 166,16. 168, iugum 6161631 966 7 iuga 68, 10.
, 6.179890.179,’18.173’,6.174,146,99.946,16.96’6,4.16.68,9.
y 14 176, 14. 90. 96. 180, 96. 189, 961, 146, 90 iugis 966, 8. 973, 10
98. 183, 4. 91. 184, 13,94. *186,13. iugumentantes 34, 16. 31 -
97.186,1.7.187,6.17.*189,’91.1611116 (61αεί616666 1.) 903,11 -
190,14.191,9.196,6. 17. 196, 9. 6161 16111 99,18 66611166. 16116
99.199,6.13.91.900,1.11.16. 106,1 66166166 161166 Fanestri
909, 3.10. 906, 3. 8611. *906, 7. ”106, 19
. 909,9. 96. 910, 94. 913, 90. 914, 1111661116 966, 8 iumenta 149, 99.
. 6. 916, 7. 918,1. 993, 10 996, 11. 966, 4 1611166116 68, 9. 946, 16
996, 18. 998, 8. 18. 99. 930, ’1. 7. 1666111166 80, 10 166616116479.16.
661,6(666,11.,)661 *1. 1. 61. 666, 166, 61
7. 949, 11. 960, 7. 963, 7. 966, 10. 1116666196,17.*906,13 (iuncum
967, 16. 968, 413. 961, 9. 966, 1. 116119 1611616 *197, 90
999, 19. 967, 19 (bis). 974, 6. 978, 16631161 931 6 166611196901666116
' 3210. 616, 1’.1 16. 16. 661, '.21 666, 166, 1. 661, 11
-1161111166 96, 96. 311, 13. 99, iuniperus 68’, 10 iunipero 106,11
94390 46,.8199,’9. 169,1’7. *169, 166661694,91.160,1 1116661130.
’ 10190119066990699811 30,7
- 933, *8. Ἰ111. *9999 166611611661649,6.69,11.10.107,
1161197, 18. 196, 7. 9918 itineris 61384- 6161169907991,10’
, 109, 6. 994, 96. ’963, 12. 964,4 iter 229,14.221,14-loui'12„21'90,¹
991, 4. 16.’ 999, 4’ itinere’ 199, 9 7.1119,99.160,16
’11161116 91, 19. 99, 9. 94, 94. 160, ’18 16666661611616613,16
666. 36,10’. 117, ’99. 119,.1 14119 ius 31, 90 1616146,13.949,6 iura
. 993,96’111116161’6 118,81111161·1666 .’7,.3913,3
·117, 16. 139, 8. 148, 93. 990, 19. 16616 41, ,10. 184, 11 iustum 13,9.
991, ’1. 999, 9. 994,4 991,11661667914.141,19.166,
111611111198,9’9.190,’93.167,91.169, 19991, 4. 968, 99’ 16619711, 19. 98,
14 *916, 9 166166 19, 96 iustu:

1166 6161161161 9697 *97,19 ³iustis 946,9’9- 16616

Iuba 903, 9

7,11

iubeo iussit 31,91.39,10.6111.19. 16111610,93.931,1 Ι

69,99.60,4’.167,6.14.’989,11

1616616111 ’69, 6

labidis 139, 8

iucunditatem 917. 946, 19 166161· 1661161179,’ 7 1666616140, 91 16666-

611611661 917 7. 93
iucundus 1666666111 909, 6
iudices 160,17.173,11.1’67,1 iudi-

, 6166116694

1111*964,’97 1661 49,19¹ (labendo
170, 7) labent tes (190, 7.) 977,16
1666611666 *973, 14

laborem 46,1.63,17. 1769 labore

 

