-·76

.“ ’11. 111,1. 111, 11. 188, 2. 111, 11.

11111.111,11.111,11.111,1.111,
0. 111, 10. 100, 0. 111, 2. 180, 10.
, 111, 28. 188, 1. 101, 8. 101, 1. 11.Ι
. 111,111111.1111111111.111,

, ’ 1. 111, 11. 111,1.111,11.111,11. ·

21. 21. 280, 1. 283, 2 cum maxime
1111111111 ·
magistrumn 202, 6. 38, 21Ι magistru-
tui 111, 1 magistratus 111, 11.
, 107,8.141,21 11311111111112136
0³ 08 23 .‘ ·
11131111 ’11,1. *111, 1. 111, 11.
111,1 . .
magnificentiam 31,1.107,26 magni·
mentia 140, 20. 101, 11. 111, 11.
111,1.111,11
magnificus magnifica 140,10 mugni-
111111 18,10 - magnifieentur¹ 28,
20.101,10
magnitudo 22, 81. 79, *6. 18. 168,1.
111,1,111,1.111,1.111,1.111,11

110,22.282,18-maiorn8,2.281,0.
mmmmmmmmmm
maius 111,11.111,11.111,11(1).
111, 11 maioris 280, 8. 111, 11.
22. 211, 1. (6) 11111111 13, 21 muio-
111111, 11.11.111,11.11,11.111,
1. 111, 0. 111,-11. 111, 1 maius
220, 20 maiore 91, 8. 241, 16. 214,
1111111111, 11 maiores 212, 0.
12. 181,0. 110, 28 maiora 8818
maiorum 142,8 maioribus 142, ,
11. 111, 1 maiores 28, 10. 11,1.

12, 14. 218, 12. 211,11 maioribus

11111111.111,1.1.111,1 0000.
11.111111111-11111111111118,23 mu·
11111130,8.113,311111111111111,11-
1111112111, maximi 213,6
maximum 71,19. 131, 8. 119,12
maxima 11, 9. 191, 23 maximae
80, 8. 18 1111111 1111111111.
214, 21 maximos 80, 13. 42, 11.
11, 11 maximas 10, 0. 108, 8. 120,
111111.111,1.111,1ι.111,11

magnitudinis 61, 21. 91, 10, 111, 7 Magorum 11111

magnitudinem 7111. '1214- 101, ,maiestas 1, 13 maiestatis 111, 27
11.111,1.111,11.111,11.111,11. maiestate 11,11

13122223 221, ⁷· ,2413 2531· maiores 18, 28. 188,10. 100,1. 11.
2⁶8, 23· 2010 magmtudme 42, 2 111,1 maioribus 111, 11. 100, 8.

1111.111,11.111,11.111,1.111,

mmmmmmnmm

1⁰. 195, 21· 196, ³· 203137· 2¹3227· maleficum 198, 20

1111.11111111111111111 1
magnitudines 120,11. 11118. 19.
“ 147,9-101,0 magnitudinum 81
1. 142, 0. 208, 0 ,magnitudinibus

1 malleolis 283, 8. 281, 17

mulus 111111. m. 2212 muli 211, 6.
’ 811 ¹mulo 81:00

11,16,131,5, 143, 10, 152, 23⁸ 19„ mulus mli. mulo 1882 muli 128,10

11. 111, 11

mulis *1228

magnus magna 11, 1, 111, 11. 111, 0. fflgffiergiffl 1133· {numi 13112
1211&ss111⁸31¹t1311¹lll nunciis> 2220'
11111111111111131111111. 3313331313123 , ·
11116, 140,11, 189, 9, 196, 1520, manebunt 98, 22 manserlt 180, 12

111, 11. 1ἓ1, 1. 111, 11 magnum manifestum 216120

0,1. 174,
211, 7. 221, 20 magna 12, 0. 73,1.

111311ο1,11.111,1.11221160,1ξ;11,11131,1 1111111142, ’
, , .

111, 11. 111, 11. 111, 21. 102,10. mansuqum 312
180, 8. 111, 1. 11. 111, 11. 281, 0 manuum 13- 113, 21· 28222
magno 11, 11, 11, 7, 113, 18, 116, manub1m261,2l 1111111111 261,20

11. 111, 11 magni 11,11.111,11. manucla ,26112
1111111111. 111, 1 magnae manupreuo 21⁶, 13
71,2.211,3.233,12 1111311147, 1111111228,21.39,1,61,11 manum

11. 218, 80. 208, 1. 11111 magnis
1111111, 11 magnos 111,1.
201,21 11131111111111111,
mmmmmmmmm
111, 1, 180,0 magma 1,1.11,1.
11111. 111, 1. 111, 1. 22, 0. 11, 1.

163, 12. 229, 4. 280, 28 ad manum

,11,11. 111,1.111,11.111,11 mum

4, 28. 10, 3. 21, 8. 31, 21. 10,1. 10,
4. 138, 9. 118, 11. 173, 24. 176, 2.
211, 11. 228, 16. 231, 7. 211,2 mu·
nuum 00, 3. 212, 21 munus 80, 21.

 

