. (166666166118622
, 616661661611629, .

- 30 ”·- ,
61666617, 26 credatur *66,9 cre· cubitus *06,19. 98,1 cubiti 979,9

, cubitum 99, 19 97. 99 cubito 12,

17.68,13 ,6611116274,12- 14

crepidine 199 2Ά crepidines 97, 19. 6661161661 276 26. 274, ,4616 8. 11.

72,4

crepitum 1672

’·(mm,r
66066 ιι. cybus

crescentiae 998, 99 6166666166 268, 661166146, 21 6611666 147, 1. 2 6611-

14. 999, 8

uum148‚1 ·

ω6ω,ι.66666,6ωωωω,6 ’
6166611167, 10 6166666166, 9 616-6616166107,,18
scere 62, 12. 184 7 281,10 cre· culpae 66,1,6

’ , 61666 42 27 crescendo 98 26. 106, 66116111 166, 22

20166,,9 crescens 99 1,. 64, 18, cultrum (16) 267,14 16 661116 206,

’ 118,1.,1,66 7.196,12,6ι66666116

1,,1,6,8,,,,2,1,,,,,,,, 6161666166116,

&Oresiph’ou 60661ιί61666)

1616 Cretae 19, 6. 69, 6

, 61616130,14.176, 20 116169 176, 23

6161616182, 26. 186, 1 6161668, ,16
166,26182,,17. 186,28. 187, 7

(661666661916 016166616619, 7
6161666 98, 6
616166 666166

0

166666 *86, 2 ,

crinibus 89, 7
κριοδόκη (c'ricdocisQ Ι1274, 19
crispo 199,19 crispis 179, 4 .

6661661261 16 cubic. 261, 10
(61661666 061111 199 ,21)

, crocodili 191,11

0
(1

166666 166, 16 Croesi 49,14
1616616166 ,212,18

crudeliter 60, 16
crudus 26,6,616616ι6276,11 cm·

dos 199, 20 crudis 274, 8. 276, 1.
979, 9. 11. 281, 7

’ 616661616194,2,6 616666616616.

206, 2

* mmmwmemmmw

6166166,48,16,616616ι661 172, 6

Α ,616616616211 crustis 19618,

crux crucem 198,9

16616166166

’ Ctesibica 269,Ῑο

9

tesibios *199 6 016616166*267,8
20 0166161121, 27. 260, *13. *23 016·
61616 ‘2999

cublculu (49 21) 144, 17. 146,11. 149,

16. 16 cubiculis ,1,4 0 66616616,

- 8922160812

6601116 47, 16. 48, 4. 49, 21. 99, 99

6611111061 114,1,6

(cubitum pro cribitus 99 ,19)

22. 206, 10

’, 62, 10. 218, 28 616666611 224 20 cume. 16116666. 6912101021
. 6166666166,8,629. 109, 26. 194, 11

99999999’9
wwuaemmmwn
ssmmwmnww9,m
nfflmwfflmwwwma

6666’666’666
1Ὴ66666Μη.6.6,
666666666Μ6,
rwwnm2umwmm
6666ῌΜ66ω,
anmmmmmu
mummmmumm,

· erucmnamcmwmz-

189,19. 189, 4. 189, 9. 99. 192, 3.
13. 26. 193, 11. 196, 6. 20. 197, 2. ,16.
198,11.2119,26.210,10.26.,<212,

, . 16. >,217, 16. 218, 11. 919, 99. 220, 14.

2,26 4. 94. 27. 227, 16. 18. 9499.
241, 4. 17. 242, 7.,13. 244,.6 246,

-- 20 99 994919 18 99 97 9999
“ ,4. 9. *99. 267 ,)<2 7. 261, 21. 202,

1617262118, 14. *19— 61611,
incpf. 99, 94- 6. ind. sut. 19,
27. 14,22. 163. 2024 29,17.63,
999, 10. 69,2,. 119,,16. 141,13. 24,
164, ,14. 19. ,166,26, 166, 3. ,167,22.
1801718622,,.20882,09,1.*241,
9999, 91. 9997 7264, 16- -.c suti
Π666666666
6666Μ6ωω66
66666666

666Μμ6ωω.

6,666666661
666υ6ᾙ6666666
mmmmmmmmmss
mmmmmmmmmffl
666ωω66666
umwwmrmmmoe,
mmmmm,smnm
e.ww.mmstm4.wfflnm

, 13. 99’9, 23. 269, 21. 970, ,8-616,

19. <21.,>24. 37, ,30 47, 26. 64, 14,

 

