-01-.’

00100(0>00100000’
·0000000000

οωωωοῃοωυο
0000000001

0-0000-0000 60000000000,»

0000000000 0000000000
00000000011ΜΜο000000
00οΜοΜ0000.0000000000.

126, 16. 147, 6. 164,.16 207, 6. 7. 11.
268, 16. 19. 611, 91.991, 19994, 96.
949, 8. 266, 18 964, 9. 26017616
61118. perf. *6, 6. 28,.1 60, 12. 160,

10.176,10.ι77,11.110,26.1020. .

194, 9 196, 96. 198, 14. 996, 7. 921,
. 18. 996, 699. 997, 1, 9. 242,10. 981,
16. 88, 17. 89, 16. 44, 97. 66, 14. 64,
99, 68, 99. 69, 96. 67, 10. 19. 68, 18.
00600000’000000
00000000000
10000000000
8. 198, 16. 196, 8. 900, 18. 996, 1.
991, 9. 296, 816. 297, 98. 944, 4.
969, 98. 266, 19. 964, 7. 16. 666, 8.
266,12.272,12--000016010
10001 244, 1- 6101. plueqpf.
18, 27. 960, 10

660711, pr. 7, 16. 16, 99. 16, 96. 91, Cumae Omnis 199, 16-

72616 8028 8796891940

0,0οΜ0000000
100, re. 64. 101, 6. 10, 0. 0. ru.
000000000
0.00οΜ0οΜΜο
00000000000600
0.ιο000400000,
10.00660000001000
000000οΜΜο
000000000,
000οΜΜ.ΜΜο
οΜ00000000

’ 189 ,1(16). 166, 26. 296, 18. 966 9

207, 19. 212, 7. 0. 217,1.6 218, 46
610. 8. 6 216, 11. 10. 220, 10. 2604.
244,10.267, 14. 260, 1. 7. 26,.18
262, 0. 264, 4 666, 6. 8. 268, 0, 270,
10277, 8. 282, 2. 8. 18-u. me
cumueeum '

Cumano
rum 42, 20

20. 410,40 2. 7. 27. 49,7. 670. cunctus 1671 6010101021. 1,2.

64, 6. 76, 16. 96, 17. 168, 16. 169,

00,00000,0

14 26 141, 6. 144,8. 121, 14. 120, cuneoh 2728
2024 26. 126, 16. 127, 8. 107, 20. cuneus cuneo 660,1 0001117, 10.

96. 188, 16. 189, ·1.9 18.92.141,8.
10. 147, 11. 148,16. *169, 91. 164,
18.162,6.166,19.168,1’.177,16.
186, 9. 191, 18198, 9. 194, 16. 900,
19. 208, 66. 910, 16. 919, 8. 11. 917,

17. 162, 21. 208, 94 0000101162,Ι
12. 18, 172, 9. 608, 14 (22) 272, 16
euneos 66 10. 114,14. 117, 16. 120,
21.162, 26 cunels 162 14., 171, 10,
668, 20. 272, 6. 14 ·

18. 290, 8 99. 961,.8 226,812,224,611ρ16119116 166, 10

14. 28. 226, 1. 6. <8>.12. 226, 11. eupiduu6, 17. 61, 0 euprdroree 260 22
12.16. 260,14.264,10,277,-16- cupresseae 68, 20 cupressei *166 6
6001110010 1. 6. 81, 8. 04, 10. cupressus 66 60. 26 cupresso 14 60
86, 99. 49, 17. 62 90 66, 18. 182 96 68, 11. (u)468, 90. *106, 19. 166, 11
.16'6, 16. 26. 167, 67. 161, 12, 174, 61116,.174,7

6. 176, 11. 18019. 296, 6. 16. 916, 610619, 6. 188, 26. 168, 4. 164,8 eu·

90. 91. 987, 11. 16. 960, 9. 16. 261,
14.91. 269,4. 978,16. 974,7. 981,
9989997 984716 06001.

161111,10.9,18.168,14.916,91
cura 191, 1.189,26.162,20.166,
16. 288,8 6111109806

01001, 17. 2, 8. 6, 1. 01, 16. 20. eura6iouem164,1 0100οο024, 11
02, 617. 00, 60. 27. 06, 26. 001. curculionem 147, 24

. 49 20 61811 19 20 60 18 60, ouria 1082107 28 .
2. 6. 80, 10. 84, 20. 86, 12. 18 66 curroee 666 8 curremus 108 61. 166,

88, 99. 97. 90, 96. 108, 94. 181, 14.

6162161661. 26. 170, 90

21. 166 8 doneque uum 1066116 6000100100 curaret 166, 18

001-1000, 4. 46,9.148,22.
166,4.178,10 ’

uum praep. 2, 0. 6. 0, 6. 4, 12. 6, 2. 18.
6,17.0,7,11.17.11,8.21.12,020,

curaui 10018 0110016161, 10. 687,

mmmmmfflwmnm ‘

10 curantur 64 16, 16. 170, 6. 16
curabuntur 64 46 curatum fuerit

600,16 000100100ῐί0 66, 90 ’

 

