-122 -

11111 111, 11 sinum 111,*1. 11 11, o. 48, 10. 1111. 111 solidi-
(sinysiam sinisiom 186, 1) tntc 16111. 168, 7. 161,4
siticulosum 18113 siticulosum solido solidantur 17, 2. 42, 21. 61,
111, 11 22 solidetur 162, 10. 11111 soli· ·
situlos 167, 12 31111 m· 147, 7 solidntu ost 6111
111111.1111111,7611.18,6.91,16.163,1011111111 61111111 168, 6 1011111111
11. 166,8. 164, 7.16’6, 16.167,11, 39,18 10116111111137, 18 solidati
168,1-6,14111016311118, 16611 solidatae *46, 11. 61,14
11.11,1.11,11.11,11,101,1. 111, solidanda 11, 10
Ι 1.1.111,1.111,1.1.11.11.110,1011611161111016111811 soli
26. 175, ’11. 106, 4. 114, 11. 118, 1111111161, 17 8011110111 1818 soli·
4. 136,’14. 17. 238, 4. ’(139, 14.) (11111164,’11 selide. 48,1.168,18
17671761 1110-111118,3. solido 111,16.164,14 solida 83,
Ι71, 7 76, 6. 91, 7. 12s,.4 165,10. 5.154,5 solidis 116,14.121,19.
19616136,16’11111-111136,1864- 111611. solidum 76, 11
19. 168, 11. 106, 11 solido 1524 solidum 1610, 21,
1111111111(111)*1111.*111,111111111011 solido 11,
- 311111101111* 86, 1’1 3.*76,11 - solidior 44,11 soli-
Socrates 155,14 Socrati 64,6 So· 3101116616 solidissimo 167,1
cratem 62, 16 Socraticus 161,14 obl. 21, 6. 76, 14 solidissimis 761
101317, 18. 38, 11. 61, 22. 108, 23.111, solium 215, 21. 23 solio 215, 25
611316.136,1.144,16.147,6.1011011011138,17 10110111143, 13
178,17.186,10’.189,9.107,3.1’10,180,16 sollertes 116, 22
’ 6.1’1.17.11’1,614.’.114,6 116,.8 1001161341 1011111111 10,6 sol·
16116,11.1’6.16,11.1’17,*6.’14, lectiam 49, 11 1011011111, 13. 10,
16.131,8.133,9.140,1.17’ solis 26. 31, 7. 36, 26. 63, 16. 19. 73, 6.
111. 16, 1810. 1111. 61,1o.2o. 111,13. 110] c. 121,1. 1su,21.'26.
131,11.10,16.111,11,11,11611. 151, 10. 110, 21. 216, 20. 216, o.
13611. 144, 25. 145, 1. 146, 26. 111, 11. 111, 10. 282, 16. 284, 12
161,8.179,7.181,1.10,184,13. sollertiis 168,11
187’,1.16’16188,8.16.186,1,101111111111136,3 solstitiale 117,3
190, 6. 191, 16, 196, 11, 198, 3. 7. solstitiales 241, 17
118,16.17.’110,18.’111,1111111,10116111117,]1.3’8,16.·1,14 17
1010114,11.10.18.’116,6.11,1101111181611.64,1,76,11’,111616,
1111. 14. 20. 232, 1. 111,’ c. 16. 11111101, 1. 1'6. 211, 11. 111, 11 ’
139, 21. 245,2 solem 148, 3. 110, 1010 171, 16. 163, 9. 163, 15. 167,
11.111,8.116,11.116,10.’181016 15 10111’1,1 16 ·
16, 69’. 11. 18, 2. 49, ’19, 137, 1111011111 666. non solum 1, 1512.
189, 11. 11. 113, 7. 11611. 17. ’116,16,13.11,17 14, 8. 36, 1. 69, 6,,61
45. 7. 8. 11- 'Soli 11, 17 14.61,11,114,1’7.139,17 146,,7
solunnm (sc. uentum) 24, ’13. 16, 11. 154, 11), 169, 7 184, 6. ’186, 1. 196,
14.19,11618 ’ 4. 10310, 111,16,13.113,’6. 117,
1010113,13.17,10. 163, 4. 6. *109, 13 11001011111146,16.198’,6.103,
11. 176,410111111*11, 60. 63, 7. 68, 8. 161, 10. 143,6
13. 66, ’.13 161,14.143,8 147, 16. soluo (solucns 3’66. 121 ,12) 1111101- ¹
1,48 1’6. 160, 13. 186, ’13. 194,2. 10161111611810111638,1.186,1
136,18.111,11.171,.3186,61610- 10111 solo 160, 13 soloni 131, 3
611111161011111111141,16 solis 3,1-,1 solum
801180111’196,13 101111111’13,16.6,13111,8.136,1Ι, ·
solidationis 161, 16 solidctioncs 137, 16 171, 13 sonitiun 114, 8.
108, 30 116, 11. 136, 5. 15272, 17 sonitu
101161101164,16 solidescunt 41,19. 116,’ 11.181,’11,161, 2.' 265, *17. 13
γ 41,11 10116110114616 1011111·10111111111,11,113,9.137’,6 so·
sc5ndo *165,2.1se,1’4 nitumn *6, ’11. *116, 13. 22. 114, 4.
soliditas 167,1’3 1011011161 41,11. *116, 16 1011111116,7.136,7,10111-

4611 soliditatem ,11 11. 11, 2 1161111110

 

