- 00 - .
010010,ιο 0010011001, 10, 0-

ciebat 274,(scrt. 3)3 facient 93,
24. 233,8 10011 17,18. 49, 20. 31,

. 0000οΜΜΜο0

133,21.101,14.221,19.230,13.
’ 231, 10. 273, 9. 277, 19. 230’, 22
10031001 63, ’13. 13. ’03, 3. 11.’ 76,
13. 83, 24. 80, 3. 13. *232,3 234,3
1000111262. 222, 7 1030111000 263
12 1000111114, 7 1000101*139,.7
·, 221,13 fecisset 173, 23. 210, 3

fecissent 133, 11. 174, '24. 242, ²13·

1000111 40, 3. ’134, 9. 203, 3. 209, 4

221, 12. 232, 3 1300111110, 3. 71, 7. “

1001000111,13 factum 001392
213,10.270,10 10011 eunt 178, 22
100100 0003 33, 3. 107, 1. 34, 17.
’101, 20.173,211100100111114324.

'j 47, 0.’ 32, 10. 30,.2 07, 10. 12. 163, 17,
’ 10010011 277,19 10010111 01120113
10011 0101 207, 20. 223, 22 10310·

010146,3.110,’17 10010ωο11122,

, , 31203,’22 100100 0100192,17 10010

, 0100113,13.133,12 100100 1001001
279,10 10010111 100101 210, 3
1001110 1110111113,26.137,17.203,
Ι21 factum 10011121, 13-.117,.

103, 23. 137, 4. 210,3 ’10010 100111
30, 3. 233, 17 10011 fuerin 43, 23.
49,2 factae 1001101123 24. 1133
facta 1001101 49, 13. 131, 24. 133,

0,.,4379,.334,63.,.,6017371
91, 3. 90, 14. 114,8. 134,3.,1333.
20ομ4. 213, 20. 221,.7 13. 223, ’23.
231, 3. 22. 232, 13. 203, 13. 23113.
231, 19 10010110 10, 3. 117, 22. 73, 0.
139,11. 213, 3 1001011110 esee 232
7 10010οε00 3321 116, 7 facien-

dum 0000 123 3 faciendae 0000 -

129,14-100100(101000009323
126,14.103,4 faciendum 10, 4
amando 01, ’20. 111, 0. 100, 4. 011, . ’
11. aaa, 10 - faciundum 100, 10 -
faciundo 190, 17. 233, 3. 209, 10

faciendam 21, 19 1oa,'13. 213, 13 “

faciendae 74, ’3. 70, 22. 1032. 109,
4 10010000101,13.14341001011-
dos 1091413317 1001011000 40,
29- . faciundum 130, 26 faciunda
123, 13. 131, 3 faciundis 30, 20

’ facienti 10010 facientes 34, 13.

οο, 10. 00, 4. 104, 10. 214, 0. acac.
234,3 facientibus 147, 16 10010
30, 1. 00, 20. 70, 2. 108, 12 10011110
90101317-29,0.49,0.·131,
emmnamfflaam4
33,17 facto 07,14.232,1 10010
4mnnmwmnmm
101, e. 131, 13 faeti 00, 14. 010, ie

Δ factae *1234 10010 13, 3. 231, 13

ace.. ⁰ 1,4 1110100431 10011094,
23.130,.,,14103107’,7 -

20.211,19.263,’9 faciendae 001 (110110010’23,20)’ -
31,13 1001000001 001 31, 3. 103, 3 factum 1001117419
209,9 facienda 001 22, 13. 73, ’10. facultas 60, 12 1000110100133,13
79, ’10. 31, 3. 20. 24. 8’7,9. 94,1. 100001110101133, 13
¹133'8,2. 113, 20 10010001 00111 33, faex 180, 20
373, 4 faciendae 011111 13, 3. 22, Falernum ac. ninum 197,13
¹ 11 2’0. 73, 0. 74, 432, 020 24 fag1'1343,29 10901033
123,14. 144, 3.1’07,13’1001011(10 Falisco 133, 23
0011121, 2.’22,1.7’1,23.120,1.10111174,7.’*73,3 fallunt 203, 20

127, 4. ’129, 3’. 143, 21. 147, ’10.

10111101 (73, 3) 139, 9

203,’ 24. 211, 10 1011000010 ’0111 1010111731 1010010 04, 0 10100307

, 3947024124 4. 123, 23. 13012
3143, 14. 207, ’10. 211, 1. 240, 9

10100309 1010013922 23 119,
13-111100 134, 0

1001011110 0111’ 273, 22’ facien'da 10100103, 19. 30, 13. 139, 20 fama

01001 169, 14 1001310100 0100177,

133, 3. 101, 2

17. 93 4 193, 31 facienda 110111 1001111100 (Ρο1100),7 81422133,

72,3-1001110000100197,11 fa·
01001100000197,19.102,’10.147,
11. 132, 20 1001110110 00111 02,13’

28.143,3.130,13.2142,2(123(1110·’
11010311, 10. 71, 3. 141, 12. 130, 4
1011111101 170,10

134, 23. 143, 23. ·,164 10 100100- familiaricae 14316 .
dum 011 133, 8 1301011000 01111 1000110110 6411001111011300 00301

134, 20 1001300000111 34, 1. 93,

132, 4

11, ’133, 10 764, 13. ’1633 1011011011 30000111 100, 13: 00, 10
0101113129 1001110110301001142,1010101303 3. 26. 34, 22122, 3. 249,.

. 24 1001011110011001111430 100010

23. 231, 1. 22 10001393 ’213,12’

 

