..’36..

, .

¹ onnes 666, 6. 666, 66. 66 Diade ,666,6.,666,66.666,66666666.
*666 66 34 66666666666 66 666666
1111111 .. .. 6 6 666666 66 6616 666
”1111”1’66”1163’1616ὀ 666, 6 4330- 66 66’6, 66 13' 334 ,’.66(66) 6666

61100 ',*87 11. 163, 26 , 242, 6. 248, 28. 246, 02. 262, 8. 200,
dagramma11031.’113,3 diagram- 6. 3333.334,3.13.33.33’3,1.13.
6661619619 274,19.276,14.29 (1166616649.
(1191119110979,7.100,24.101,11.271, 11,’22. 46, 14. 66, 26. 78, 24. 100,
14 (1191110111118,12.13 (1191119-21.112,11.118,17.114,6.121,0.
” 1611111 101, 71268718) diametron 7. 160, 6. 18. 161, 23. 161, 7. 176,
. 118, 6.10.’*263, 13 diametro 746 21. 182, 24 198, 18. 199, 8’229, 14.
796. 100, 22. 226, 11. 204, 26 dia· 289, 6. 268, 18. 268, 0. 276, 8. 277,
metroe *334 33. ”296, 1 diametros 13. 279 9 (1161666 ant 337 9 ’6116166661
66, 66. 6666 ’ = 66666, 66. 666, 66 dicere 66 66
, Dianae 69,1.70,1.4.71,18.101,19 88, 8. 1’81,24. 167, 8. 181, 11’. 21
169, 2. 8. 101, 6. 7. 249, 28. 261, 22 dixisse 87, 28. 62, 18 ditendum
0166666619,’ 9. 86,1 , 260, 20 dicentis 31, 29
1(1161666066<6,16.>’119,19.22.29.24. 6116166611 24210
16661 ⁴ ‚ , diducatur (ded saepe tom) 79,16
66667666 *66, 66 ¹ “ ‹ii-ducto 66, 34. 66, 30 666 6’. 6.
diapente 6, 66’. 6, 66. 666, 66. 33 34. 6666 66616666 τό, 66 666166666-
114, 2. 3 ’1,’16 17. 28 , (1666023616
414411043014 diastyli71,10 dia- (166628422122.296,6 (1666 227
· stylo 73 1’1. 76 ,7 6169917169 *98 10 7. 23 diem, 84, 22. ’,68 7. 226, 8'
diatessaroiid 13⁸. 9, 19. 118, 17. ’.22 238,18 (11014, ’.10 160, 12. 187, 6.
28. 114, 1. 9 23 ’24. 116, 1069 2 11. ’.14 196, 11. 220, 9. 221, 6. ’14.
131019). ’.14 16. 17. 23(οἱ9). ’.24 26049 226, 8. 14. ’226, 8. 6.’11. 16.’16.19.
66966666 (6666666666) 11,13 333, 66. 6666 (1666 666, 31 (166-
8661066 ot (diathyra) 161, 4 rum 220,29.221,19. 226,18.226,
666166νο6 (diatonon) 111, 16 666666- 22. 227, l. 16. 26. 288, 8. 298, 23.
vove (diatonos) *49, 19 diatonon 333, 20. 2’40, 7. 241, 8 3134143’, 33.
(diatonum) 116, *22. *28. *24 069 220, 26. 221, 8. 11. ’226, 16. 240,8
*26. *27 diatoni·111,13.113,o dietus 108, ’14. 221, 10. ’.21 24. 2’6.
diatono 1’111,26.118,8 ’ 288, 16- -in (160161 *410 12- -in
dlootoo (diaulam) *127,6 diei 34,10.13.338,8
diazomata *119,1 » diesis 111, 29 (1166661 111, *22. *26
dichaloa 88, 9 ast 166676446616166666366666666)119, 14
diount8, 21. 28, 14. 88, 20. 67, 89. diezeugmenon* 113 19 119 *1 ’*2
,16. 68, ’4 77, lt. 82, 6. 119, 18. 186, *114, 24. 116, *13. <23 ·
34. 196, 2. ’161, 1. ’296, 13. 348, 8’ differo (11666111 72 18 di erentes 388
dioamni 111, 9 'dicam ’7661 96, 19. 20 380 8
, 588, 1. 64, 29. ’83, 27. 99,.8 102, 17. difficilis 110, 16. 124, 20 difficiles
’ -. 104, 26. 140, 6. 146,16. 176, 16 224, 4,.4 14,18.’182,6 (1611011116184 18
, 21220, 22. 228,8. 286, 12. 266,1’ (1111101110600266,14- difficiliter
dicet 110, 7. 206, 9 (16666 44 16. 9’0, 2,1 17- (111666116624, 19. 17. 40, 12
- 18. 188, 22. 169’, 20. 170, 21. 230, 6148001121911171, 18
.«113.269,19.272,1’9 (1606666106ιο diffluunt 46, 4
- (1166661167,6.’99,12619212.166, 41334034044'33331,4
21. 167 9 (1161666666 99, 7’ dicitui diffinduntur *199, t (diffusa 179 ,6)
3,7.,6’20.11,11.13.17.12,22.26. digitale 281,18 digitales 106,4’
2’6, 22. 39, 8. 7. 44, 14. 48 13 47 28 6113111269, 18 digitumssb, 13. 66, 19.
60,10. 66’,16.,,68’.21 00’, 26. 66,3. 206, 6 digito 12, 17 digiti 6’6,3
66, 22. 67, 6. 11. 08, 20. 81, 16. 86, digitorum 88, 22. ’100, 10. 168, 19.
17’ 91, 18. 92, 9. 98’, 7. 118, 7. 13’ 208, 8. 209, ’.10 267, 24. 261, 9.
14. 16. ’,119 20. 181, ’16. 149,16.22.14.269,16.’.16196“ 17 019. 18 019

 

