,75-

er,oQQQmma- mnm,MQmQ,a.me.
mmm,mmeQoQa Q,a ·

918, 98. 228, 5. 999, 10. 947, 6 100· 11 ydia Ι1197, 19-
gius 22, 1. 58, 27. 198 4. 222, 8. 16000610 960,1

Lydium 88, 97

993, 7. 225, 14. 253, 4. 91. 24. 254, lyra 228, 18

815

loricationem 164,11

hy ytaippus 68 ,18

101100 98, 9 116, 6 loricae 184, 8 11111169601111811(1191111169,8)

1011111 966, 911 loro 255,8 lora 1113110100 9,8 1101011190,18 .

994, 96. 999, 8 loris 999, 4
lotionibus 11610
Lucania *188, 9

Macedo 81, 98
Ι Maccdoni5 81, 8. 161, 11. 119, 99.

199, 8

11001 ⁸228 8 110011 990, 93 11100111 macerationis 166, 99 maceratione

18, 9 10001110 916, 18. *⁰ 2,30 96
1100110181,99.911,11
1101010996, 18 110111014899 111-

011111 999, 11 lucidissima 998, 6 96

lucifer 990, 96
11101111 118,18
Lucretio 918, 6 s

11011 166, 98 1110111911 111001

1166111111 81, 14 1111011101 104, 8

11111114 11161 166, 16 111101111108,14,

nmaQQanoQoe

QQQOmn
QmmwmwaQOme

17. 148, 17. 907, 98, 911, 9 10101011

97, 2.5..*24 96. 98, 19. 145 5
994, 98 1111111 *96 94 111101196,
8.144,19.146,94.147,8.148,18.
224, 28. 225, 9. 99 11110106 196,

166,17

11000011000109111111166, 16 11000· v
rantes 184, 96 macerata 18518. .

94. 91 ma5eraiia 971, 1

110011110948,94. 947, 17. 914, 18.

976, 12. 971, 9. 979,19. 18. 981, 8,
282,18 machinae 946, 14. 941, 6.
811. 248,18. 2188. Ι*10.13. 961, .
17 dot. 911, 10 machinam 941, ’
16. 949, 7. 251, 9. 978, 91. 976, 9.
m.QQQ'Qm’QQQ.
machina 941,18. 248, 96. 961, 18.
999,19 machinae 22,12. 16. 119,
0οω0οωοῌωο
11. 988, 9 machinarum 913, 99.
9441998416 11001111066.,18
199, 7. 987, 22. 98. 914, 14. 988, 3
0100111016 76 1. 169, 99.· 944, 6. 949, ,
8. 947, 94. 275, 18. 980, 17. 984,

14. 144, 16. 994, 90 1111111104,.9 machinatio 16, 6 914, 91 110011110-

m,o.8,m.mmnan
6.) 161, 10 111111111111111, 9. 89, 18.
148,98,17,1 8 11101119111106,99
140, 90 1101111016,16.144,9,
147,4 luminibus 14,8. 144, 24

- 1101101110 148, 8
humphic Ι*18, 6

110011946,94.918,14 110011110-
1101011981,1,9946,10 11001110·
11000 988, 21. 948,18.973,11. .
*989 4 machinationes 946, 21.
980,6.16-948,191100111111110·
111101 946, 98, 946, 19 machinatio·
nibus 166, 2. 241, 27. 272, 20. 275, 15

[1110011691.19,91-11110118,11.10001111011601196, 8 1100111010
999, 6. 8. 18. 225, 9 996, 1. 18. 939, pass. 245,2
8 111100 161, 9179, 7. 224, 90. 946, macritatem 41, 1

· 9.,99618 1111001996, 19. 91 lunc: maculam 2055

1100111 999, 18 lunar‘cm 990, 19

Lusitania 84, 94

1110018416

1110100 194,8

11111111 herba ¹'‘182, 28
111111· 111001 epit.)

(11101101

maeniana 109, 6 maenianorum

109, 94

Μο001110 *191, 11 .
magis 21, 18. 145, *17. 20.177,'5.

180, 22. 919, 14. 228, 28. 998, 8.

258, 24 1101111108, 698 18, 24. ·

91,9.,.,.991996930,688,19.,43

100οΜ0001000.0000000000

rmmwammme
18. 18. 90
10900011 ¹'¹127, 17

ommmmmma.awome.
manQ'ammiQ
rmmmeQmmmm

 

