‘-109-

16. 246, 15. 255, 11. 258,7. 261, 12 quomam 28 12. 62, 24. 46,14. 5024
000. 00770006. 18, 10. 54, 20. 79, 24. 56, 1. 29. 62, 10. 66, 1. 64, 11. 86,5.
80,16. 82,16. 97,7. 118, 8. 168, 5. 64, 11. 124, 293164, 9. 151, 19. 182,
180, 22. 221, 11 222,1.226,16.10. 175, 15. 185, 18. 216, 24. 246,
225, 14. 241, 8. 256, 21. 268, 10. 16. 14. 17. 20
17- quo-ut 60616 96 19. (1500502, 11. 6,16. 7,6 14, 19. 65,
95,6. 104,17. 204, 16- 247,7. 16. 61, 15. 65, 20 106,5.104,11. ’
mo οωοωωοωοωο0
88585‚moemmwwmmmmmmmmm
146, 12. 148, 26 quoquouersus 69,5. 87, 16. 186, 26.
quocumque 168, 26. 25. 206, 17 276,14
77506016, 10. 473’ 10. 168, 12. 197, 19. quot 276, 10. 86, 26. *146, 20. 208, 5.
206,11.21.248,14.266,6 226, 2 266,1.1 264,18-0600
quod1, 16 2, 9 4, 6. 5, 22. 8, 17. mensibus 252,6
·9,6.1,.01616,7.11.14,8.16,9 0501055520,12.116,7.164,26.
1626172.18,6.16.15.20,5.21, 196, 16. 207, 9. 246, 16. 260, 19. *26 , .
17. 22,12.16. 26,4. 24,17.18.26, 7177017050 120, 26
27. 92, 15 94, 22 86, 20 67, 28 98, (70060770057577770 160 9 265, 96
2.’11. 69, 6. 17. 26. 40,14. 24. 41,
14. 42, 16. 26. 46, 26. 44, 26. 45, 7. Βῗ75050),242, 16
’ 19 46,21. 4715 462.40,2152, 507675201,5
858,182254,1856598529. 506150264,6.16. 19. 265, 15. 1750610 ,
5716 58690001114 5911 265,550617167,27.226,.·-1650
60, 16. 62,1. 66, 10. 19. (66, 25). 67, diorum 169, 20. 158, 26. 221,10
1.8.15.18.17.18.68,8. 71,16.76, 5706100178, 18. 179, 7220, 18. 225,
26.74,.,.,.,.,.576167866216846 2Η18226619706710’,721816’
59. 85,17, 66,16. 66,22. 89,16. *222,20.224,10.26.22514 ¹
90, 8. 21. 26. 27. 92, 17. 96, 5. 95,6. 5061586, 27 50670057 8626. 249,10
14. 26. 102,10. 106, 14. 184, 8. 25. 506109 182, 17. 2498. 266, 5. 271,
105, 6. 16. 17. 107, 2. 110, 16. 111, 26 5067000 614. 187, 7. 55, 1. 56,
19. 21. 119,19.110,15.16.26,118,12.65,10.14. 18. 188, 4 506ίοί0774
’ 9.117,9. 118,1. 119, 16.22.120,.1 165,18.176,6.14.188,10.187,16.
16. 126, 15. 16. 24. 124, 21. 125, 4. 202, 16. 259, 20 ’ “

22 140,16.19.21. 1441000021.

27.145,1. 17. 146,1.8.24.148,10.

0700000500,4
777, 7. s. 07. 777, 0. 770, 12 777 7.
7οΜ00000,7.ω
0οωωου500,0
ωο05οω0077
οω00000οωωο
7ου0000000,
Μωοωῃωο0000
400000000
Μφωφωωωῌυο
mmmmmmmm
00000000000
ΜοοῌΜο000,0

222,6.16. 226,16. 224, 8. 12. 29. ,

000000000
Μο0οΜἋΜΜ

00000000
0000000000

7ωο00000

7.61,16.25.124,10. 189, 16. 192,
9 19610 254, 2'1 50717010 47,8
raritates 42, 4. 41, 27. 56, 22. 57, 2.
01, 21. 178,7. 196,17. 194,14 5071·
1065770 54, 75. 160, 72 “

rarus 7075. 69,19 46, 27 raros 191,

17- (5070 70, 15. 19)
10,14. 246,1 507750 ’70 15

1610

501107,12.10,26.12,.7 16,11. 15,

111619 2218 4110 56165
57121 72226 7567615

’2060,..’,.’,..’.5984266961026

00οωωο000.
οΜ.οΜΜο000
um.m‚m.m8.m,m8,
0]ω,7ᾙω70007
mmmmm,8.m‚8.
mfflmmmmn.mm9.
m’um,mmmwm

. 18. 266, 4 5010105706, 16. 80, 22

5011050674, 7. 11. 6, 2. 7,14. 18, 26.

 

