-118-

res 3, 5. 47, 77 57, 77. 88, 17. 80, 11. resonantia 100,10-’ 110, 7
108,5. 1700 177,0.,18010. 110, resono resonantes 171,7. 14

· 10 144,10.180,1 1011, 10. 10, respicere 08,14

1011, 7.10,1. 11,1004,1.08,11. respondent 11, 11 respondeat 80,

0,00,ωωωω.00
00,0.0,0’00000.
0,0.0,00,0000
000.0.Μο0000
00,0000000
,10οΜ0000000
,0,οΜ004001
, οΜ000000000,

8*01401,10.100,10.·100,1”
respondeant 55, 11. 88, 8. 110, 17.“ ·
111, 4. 118, 1. 111, 18. 1,.1811 758,
1.100,10 responderet 715, 11,
respondit 141,10 respondere 41,
1.1,1814.118,“11.174,11 respon.-
disse 157, 10 resporidens 70, 0

· respondentes 157,13. 157 10 ie·

17. 110, 14. 155, 17. 155, 4. 158, 13. spondentra 757 7 respondentibus
181, 8. 184, 8. 100, 8. 118, 18.*181, 111,18
10111, 10 10101111, 11. 5, 10 10. responsum 158, 7 157, 10 responsa
7,.148,18.11,10.14,1.81,.8 88, 8,11 responsis 81,1784, 14. 81,
7.10.37,o.11.15.77.ss,71.44,8. 8. 7477 -
40, 10. 04,8. 10, 1. 0. 80, 10. 57,5. responsus 114. 18 responsum 55,
10. 88, 1. 84,17.(88,8).108,.8 184, 11. 88, 18. 188, 11. 184, 18. 758,8
75.115,.8 118, 1, 181, 17. 188, 14. 171, 18
134, 01 00, 11. 0. ’01,01. ’00, respuisse 101 reipublicae 00, 0
17 10. 140, 5. 155, 14. 101,10. 171, 0100000011001111011001110ιο
5..77 177, 77. (181, 74> 18010 respuo respuant 1701010 ’
180,11.110,11. 117, 8. 10. 118,1. restagnant 148,14 “
718,.7 181, 11. 188, 11. 144, 74. resticula 148,8 ’ ,
745,5 retiis 13, 5. 100, 5. 177, 78. restituit 771,17. 111,7 restituisset
10410 100018. 8,.710, 17. 75, 701,5 0111101101*18,.17 181,8.
18. 88,8. 18. 84,.8 87, 11. 41,.7 111, 1. 744, 18 108111001111118, 18.
184,18.114,14.184,8.148,.1118,11,1.188,17.18 restituetur 478
14 114, 11. 455, 47. 478, 75. 1748. 18 restituendum 184, 77
, 184,8. 185,4. 100, 18 117,8111, resto restet 141,17.171,18
17. 788,5 1007. 787,.5 14010. resupinatam87, 17 resupinati747,7 ’
778, 18. 180, 11. 15 rebus 1, 15. retardationes 110, 13
momorumwn<mnm5
«11. *10,11. 04,18. 35,17. 11. 17. retentiones 11010 ·
87, 11. 43, 10. 17. 01, 1. 80, 11. 88, reticulatum 45, 18. 10 reticulata
' 70. 88, 18.1os,77.’115,1'.4 118, 48, 14
1418.114,14.101,17.101,10. resinisoun 147, 5 retinaculis 747,
150,8. 181, 70. 171,8. 473, i..7 15 748 71 *558
170,4.181,1.188,1.10.11010.1011001087 retinent 07, 11 reti·
184,18. 1881. 188,11.104,1.18. nebant 778, 10 retinetur 747 74 ·
18. 747, 7. 744, 77. 111, 11. 745, 73. retinentur 745, 7 retineatur 180,
7,37 18. 737, 18. 148, 4'. 745, 8. 118, 18 retinere 478, 75 retineri 111,
18. 1,84 77 758,17. 171,18. 10. 8 retinendo 118,18.111,11
180, 1 u. respublica retractiones *70, 75
rescindent 77, 8 retroducere 101,17 ·
1001801001*177,110.000.1011010110110,18.101,10.180,7
residit *100, 14 residrmt 138, 17 reuertuntur 107 11 re’usrtnntirarr,
1000811177,11.(100,14) residens 8 reuertar im. 178,3 reuerti
171,10 54, 77. 134, 77. 488, 74 reuertendo
residuum 41, 75 775, 11141, 18 reuertentes 755 73
resiliat *171, 15 resiliens 171, 3 reuiuisceret 1,74 14
rosina 58, 10. 180 3 100111000010 10000011001100 111, 17
resistit 55, 14 resistunt 185,13 10 renooo reuocandam 18, 77
sistere 475, 15. 435, 45. 457, 10 rex 43, 70. 10, 77. 51, 01110100,
resoluuntur 40, 18 18. 117, 7. 44. 75. 180, 18. 1881

Vitruvius. · 8
s

 

