Ι

„26-

286, 14 conlocanda 001 02,10. consido consedit 282,16.282, 18

14717 conlocandi sunt*78‚ 4. 81, consilio4, 14. 84, 26. 66, 10 00001110
80 conlocandae 0001 78 8. 82, 6. 148, 1. 288,2 000.164,19.218,11
120,80011100011110011012’1,14.100, 0000111010ιο 187, 11. 21. 280, 18

·> 17. 200, 26 01112606 conlocandr 0000111101, 8. 88,4.187,28. 1888.

0101116616 0001000066 18. 146, (6). 218, 14. 263,16

. ¹* 14 00010001180, 16. 71, 1. 87,.8 00001110114218

122, 11. 124, 2. 208 8 0001001001 0000101111111 1. 221, 21. 228, 18 con·
0000 00, 4 0001000100000126, 20 sisteret 26, 8 0000111001 118, 20
·· 00010001000001441 0001οο00· consistere 22, 27. 28, 24. 1864
10048, 11. 14 102,2. 181 ,.12 18 con· consolidat 66, 8 consolidant 48, 17
locanda 126,11 conlocandorum consonantes 121, 8. 18- -consonan
0,000000,00,0 0000,0 ·
0011100010 262,18 οο1110001021,00000110111100’116,18 consonantiam
28 0010001010882.267,14.2781 116,8.20. 118118 consonantiae

' 6.,.,.2284276666,6,7612.1661

11411

9. 288, 22 0011100010 118, 28. 120, compingitur 180, 80
. 10. 12. *180, 8. 186, 20. 268, 6. 280, conspectu 8814
11 0011100011 88, 12. 268, 24. 281, conspicio conspexit 81, 21 conspi-

10.282,16 0001000100 240 22 con-
1000000.101,10.10,0 66, 24
0001001004, 21 conlocatis 8218.

, ‘48⁷7872841180,1.,18018.

*261, 21

0110160, 28 conspiciuntur 08,10
conspiciatur 21, 18. 80, 8. 08,10
0101000000οῃθο 8 conspicien-

000010011010146,6 1

0000100001111184,80000100101278 constituunt 104, 28 constituebant
ξοἓο01410100 est 260, 2 0011011 sunt

'¹ conquireret 20,16 conquisitae sunt

287,4 ,0000010110 218, 27
0000011002,18.218,14 conscripse·
, 10016, 26. 168, 21 conscriptumest
161, 20 conscribendas 184 7 142 7

. ’ conscriptione 104 4 0000110110111·

, mm,u.m,w
consensus 12,16

consentio 0000000114,18 ”

consequitur 244 11 00110000010176,
4 consequuntur 2214 consecuti
00018,8.88,14.18818 consequi
8,17. 201,2 ·

0000100167,16.186,2 0000000148,
8.181,8.166,22 consuscitatus
211, 22 conseruauit 72 22 conser-
0011111168,14.188,8 conseruare

100,18 0000010001οε 88,22. 102 7 .

considerantia 187, 26

consideratione 82124

considero considerabit 18 8 0011-
0160101004,Ιο considerantur·

ι 112 8 164, 12 considerandae sunt
210, 21 consideranda sunt 184 82
considerare 18, 28. 48, 28. 48, 28

¹ 67, 16. 628 268,16 ¹consideran·
dum 02, 20 considerantes 217,
considerantibus ciat. 01, 8. 140,8.
166,1.182,1216,29

18,1 constitui 84, 28 constituit

·0,000000000

100001000010,
0000000000
261, 8. 280, 28 constituerunt 6, 4.
0000οΜωο0
0.οῃοωωο000
constituisset 82, 21. 216, 12 con·
011101110207, 12 00011100111164,
28. 141,16 constituitur 120,7.140,

’ 20 0000111000111168, 18. 88, 21 88,

1000000000.
0,0010000,1
mffnmummmnsss
0,0.0,οἫ000000.
01, 0. 108, 4. 01, 0. 100141,
00,0οΜ00000

· 284, l. 270, 11 0000111000111118,

24. 64, 26. 761 76, 26. 92, 12. 961
16.16.67,1 66, 21. 101, 4. 162, 26.
106,28.106,1.6.114,17.117126.
000011000000010
000000000
constituebatur 274,17. 276,6 000-
stituebantur 18, 26 constituetur
0,0000000000
18, 1. 218, 28. 286, 18 0000111010
001228, 22 constitutum est 48, 27.
106,22.126,6 constituti sunt 124,
14 constitutae sunt 78, 8. 108, 14.
110,16. 172, 2. 266, 18 constituta

 

