,16-

9.159,19 perueniendo 263,15 phellos 238,4. 939, 11. 16 phelli
perueniens 911,19 239, 16
perunxit 31,18 Phidias 63, 13
· peruolitantia 282,3 Philadelpho 168,3
11011011111919,10991,6 Philippus 999, 24. 913, 19
peruole peruolat 223,15. 227,18 Ρ11110199,9.160,3. 191,13

110110111111 919, 99 Philolaus 10,16
pes 66,19.96,93.91,18.68,13.16. philologiae 169,1.161,90 philolo·

229,12 1103118699. ⁸228,12. gia203,14

969, *19. *96 bis. *91 611. *279,1 philologus philologi 218,8 philo-

pedem 66, 19. 68, 12. 85, 23. 196, logis 151, 16- aaz seha 139, 91

22. 961,13 pede12,17..22,19. philosophia 6,19. 19. 91·-

39,.1 76,16. 117,93. 161,93. 162, 131,19

16. 164 91 110,1. 229,8.,231 15. philosophus 114111;1 philoso-

273, 99. 916, 9 918, 1 pedes 103, plmm183,16 11111101011111ρ 191, 11.

16. 213, 99 91 010. 228,5. 2365 132,12. 155,15. 184, 9 1111111110-

1101111166,8.61,19.80,1091,1. 11101114 philosopliis6,1.185,8

166, *11. 91. 107, *1. *8. 111, 11. 11111101009111(1 9110100111111)*139, 91

199, 99. 198, 6141, 91. 14691.(1111110111111011111001169,19)

141,19. 111,16. 901190 991, 96. Phocaeam *85, 8— Phocaeus 93,

913, 90. 28. 911, 1. 9. 17. 917,3. 91. 169,6

990, 14. 251, *1. 10. 961, 91. 963, (1190111101111- pholurii 113 ,99)

13. 961, 11. 96. 968, 16. 916, 91. (pholydospro Polyidos 273 ,16)
·- 276, 13. 2,77 90. 93. 25. 26. 2788 Phry ygiae 186, 14— P—hryges 35,7

,14. 16. 96 919, 4. 981, 9 611. 998, phthisicis (thisieis) *60, 91

18 pedes *9,13 66, 16. 14, 9 19. phthisis (tiphisis) 94,16

15. 19, 21. 80,19. 14. 94,19. 96. 97, φθόγγοι (pthongi) 1i2,11.114,4

1109191111.16.18.19.101,14. (phyleosprel‘ythees 159 ,4)

114,16. 117, 2425. 196,91. 126,18 physico 931,19 physici 16611.

19.1,988.111, 11.12.1.7 146, 29. 184,2 physicorum 31, 11 phy·

117, 19. 11. 18. 90. 161, 93. 166, 5. sicis 139, 91- 185, 8 -

21.18,626. <187,1>. 906,.6 287, pvcsctoyloe (physiologia) 5, 20

2. 913, 18. 19. 26. 214, 10. 11 316. Piceno 44, 24

16.228,10. 930,6. 918, 93. 991, 1 pico piceiitm· 110, 90 picatum est
’ ier. (9911,1.999,19).919,17. 276, 25612

10. 11. 17. 978,4.919,19.90 pe· pictor8,11 pictores 63, 22 65, 21.

dibus 66,.1 6. 74,12. 14.17. 90 150,14 pictorum 145, 4 111010-

80, 19. 16. 87,6. (88, 6). 141,11. 16. ribus 63,10.161,11

17. 22. 170,.2 171,14. 23. 19191. palmarias pieiurae48,11. 173,

214,18.279, 14 (ahaaaaqaamah 19 picturarum 172, 3 picturas,

brai. p.) 183, 4 picturis 160,16. 168, 96.
pestilentem 16, 7. 19,9 pestilenti 167, 21. 114, 9. 111 ,(14). 19

11,1 10113011017, 1- 90, pig oebi't 59,9

19,17 pestilentibus 16, 29- pigritia 936,1

pestilentissimos 17,1 111110 196,19 pilam 224, 24. 237,
pet011,1 petut 2918. 31,12. 16 16 1111011119 1111101811

(1011111961 ,93) petendel39, 14 911111 139,6 pilae 130,9. 101, 11.

petentis133,17 petentes 90, 11 196, 19. 91 199,1.19.99.110’,16
Ρ11101110110993,9 pilas 152 7 11111169, 22- ,,118 10
phalangae 255,14 phalangamm pilatim 152,17 ’

964, 93. 96 plialang 11(1101)*960 8 pinacothecae 143, 9. 145,3. 28 pina-
phalangariis 254, 22 cethaeis 14, 7 pinacothecas
Phalereus 161,13 149, 96
Pharax 63,21 πίναξ (pinax) 262, 3
pharetram (1101.’)*939,90 ping (1·1111111 119, 16. 178, 2 picta 12,
Phasis 190, 16 1—1ao,11'pictis 139,10. 610¹

 

