..17-

candentiae pen. 995, 511
candescat 179, 17

candidum 40 7 8811811188*577 can-
(1111111808 candidissimo 252,2 caprilia 147,19 .
88868111107, 14 candore *1088 888181 88811118 288, 20. 204,9

179,17
’ canis 981, 5. 9 cani 981, 5

capricorni 229 2 240, 24. (27). 241,

1. 22 capricorno 227,19. 21280,
10. 240, 27

’ captione 7,10
captiuorum 8, 4

cannae 169,19 cannarum 159, 98 caput 55, 19. 187, 91. 208, 11. 229,

8888 8811881 298, 11 888818 11012

unveis (88888) 201, 17- 88888202,
1 canona 202 4

8888818010,2.110,10

Canopi stella 981, 27

cantherium 105, 22 8880118111 pl. 88,
14. 99 8 100,17 cantheriorum 89,
5. 8. 28 cantherios 88, 15. 89 9.
55

canticum 181111. 104,12

cantio 111,17 cantionibus 9,17.
08

88818 cantandum 201, 22. 209, 17

cantas 118, 95

canus 8888 40,4

88888108111198,7888881080818180, 21

8881118088οο 80 8

8118111105 1818 capillo 195, 91. 120,
61359.18.269,.5272,1.277,8
8881118181116514

capit 10,15 888180 25,15 oeperunt

555.a5uffl555
555555555555
5555555555
5555555555
οΜ1000010,0
25‚555555,5.5
0000000,00,
5555,5.5‚55‚5’
5W5c555855
5555555555,
5555555555
000000000..
1000000000
5W5559555,
s.555555,54
55555555.5,
2555'5,n'55m5’
55,555555.5
5W55552555
5555555555

4. 269, 4. 278, 15

118,12 cepisset 9899 cepissent car Caras 80, 14. 85, 12 ,
272, 24 ceperit 159,15 ceperint carbas 97,14 ,
88,9 8881880811124.14,0 888818 carbonem 59,10.00,17 88188881

180, 18 capiendo 197 9 caprena
291,14 capientes 148 9 88808 51
99 capto 4,15 capiendam 555

189, 17 calbonum 124,10 881- ,

8888991276, ,1. 124, 8 130, 22. 111,

Capitolii ⁸11, 20 Capitolio 85, 20 carbunculus 40, 4. 44, 9. 14 carbun-

888108188180,1.101, 18. 123, 8. 208,

08101867 = Γ

12 capitulica, 1016. 84, 3. 86 20 carcer 197, 28
87, 8. 10. 17. 91, 21. 22.100,19 (carchebi 958, 9 8 cherolabae)
199, 99. 129, 0. 200, 10. 11. 268, 10 carchesio *280, 28 carchesiorum

capitulo 86, 8 capitulum 81, 3.

280, 8 carchesiis ⁸949, 99

*87,15. 122,29. 1284 88810818 74 cardinales 98,11
21818841688259121269,08161801027818.16
18 88810818 87, 26. 99, 18. 208 8 cardo 8816180207 20 cardini*185,8

272,0 888108181811178,15.79,20
5,5555,5555,
19. 84, 1 92,19.107,13.272,8
capitulis 5, 4.’ 18, 19. 80, 0 90, 21.
1002810017.1181212824.
8888868818 190, 8
88818 8188122019 .
capreoli 88,14. 267,18. 276,16.19.

cardinem 135, 28. 138, 14. 231, 91.
22. 267, 17 0111111808 252, 20 266,
15. 270, 19. 219, 4. 6. 9. 266,Ι 14.
270, 5. 13 8816181881 205 29. 240,
18. 267, 8. 268, 8 278,16

(leriae 51, 7. 85,4. dot. 49, 21 ,
88118121, 24. 100, 10 cariem *55, 8

ffi9mrwmmm5.

278,7 888188181881278, 9 capreo- caritatem 189, 95 =
1812,7018.277,5.278,8888188-(881111188111108,9)88111118111812182 ·

lis 107, 17
‚vam 181.

8818 88188 124, 17. 204 8

2

 

