-15—
lmmumssmmmma

lffiwfflssssmfflffifflw
mnmmwwfflan
181, 16. 19. 22:29. 1111111111.
mnumwmm5,mn.

200, 14. 15. 15. 21) 011 21. 22. 201, ,

m.5555wmmmw
amuwssmw’mawflmn
25‚5555m17.5w4
mwwwawswmm
2555959ffl55555
55m5m555m‚2
mmffimmwmnm,5
umfflmflmmmffia
255m9w55559

. mmmmmnmnmw

1ffl555555555
‚stfflffiffifflffifflwwssffi
11. 30, 4. 38, 15. 40, 9. 45,14. 52 8.
0000000000
001ῌ1ω10000,
wffiwmnwmmwm
555555m5m,5
lwmmmmffiwwmt
155545555555
m55mmw555
2m55m95Q555
1Μο100οω101
wwmwwwmem
18. 180, 25. 187, 5. 19. 204, 25. 295,
mmmwfflwmffi
25995955455559.
255554555m.4
25m5m555ww5
1w555m5ffl355
, 10. 212,18. *2022 fuerunt 9,1.
4,.20 10, 10. 31, 13. 33, 13. 30, 28.
43,14.032103,11.20.104,.1 131,
20 100,10.100,20.113,10.113,3.
212, 13. 232, 2. 13. 233, 3. 244, 2. 218,
13. 213, 5. 15. 283, 20. 581,ss ’fueram'
1,15 0101112011 28, 22. 31, 15. 52,
55555'm55mmm‚
mumstm5mwm4m,
111010401103101
Βηωωηωωᾙμηω
25. 218, 4. 280, 18. 20 281, 0. 8.
2fflwmwm‚1mmm4
1. 211, 22. 213, 4 1111111111 02, 22.
101,24.102,3.240,11.282,14
111110011104,8.100,12.18,100,12,
114,1.283,10 1110111 1, 10. 10, 8.

113,20. 111,4,8. 118, 3.8. 113,3.
mflwfflm55m9m
15. 17. 134, 13. 131, 4. 138,21. 140,
ωηωοῌ1ψωωη
mmssmmffimwm5
umflwwQOm5
100,3.13,10.10.13.21.101,24,
108, 4. 28. 103, 19. 110, 1. 8.1,18
24.20.113,11.180,20. 183, 3.]84,
10. 180, 19. 181, 8. 3. 13. 11. 130,
10, 11. 200, 10 12. 10. 203, 3, 204,
wmmfflmmm5m5
22. 210, 3. 211,18. 213, 15. 19. 20,
041010101401104
οΜ1οΜ0οω0
04001310104101
10. 12. 280, 13 1110111110, 10. 14, 2.
19, 13. 21. 20, 25. 22, 28. 248. 30,
2. 31, 30. 38, 10. *33,21. 40,10. 45,
13, 41, 20. 48, 25. 43, 2. 52, 17. 03,
804 100020031803238)
0000010000
20.102,19.105,2. 1. *108, 28. 103,
5 *122, 14. 124, 12. 125, 24 bis.
125, 8 2.1 128, 4. 129, 3. 131, 1.
142, 22. 143, 5. 8. 145, 5. 147, 20.
101, 24. 102, 5.19. 100, 5. 158, 22.
15amfflvmm1555
mmffimfflwwQO
295,19. 208,12. 211, 5.8 13. 213,
52141. 215, 3..3 215, 24. 222,4
-223, 21. 231, 7. 240, 22. 241, 20
<204, 8.) 200, 24. *208, 0 0111111
0110823.110,21.103,13,208,10
111111111110111003 111, 20. 211, 14
futuri sunt 21, 5 13, 22. 90, 21
futurae sunt 10,10.*18,3.10, 21.
33,10.113, 10. 1111011111 11111113
sunt 82,11 futurum sit‘ 154, 22
242428 futurae emt 0311 5511-
111su1130,19 0101111111101,
11.118,18.153,19 futura erun1
01, 21 esse passim ²154, 29. (218,
4.222,23.230‚13) fn5se 95,29
Qmmfflmfflmaffim
rum (esse) 19, 3 (osse futurum
23111) fore ut 32, 8. 211, 3 laturi
12, 2. 130, 30 1111111111 13481203,

20) post futuros 299, 4 1111111112,
14.232,11

11,3.10,13. 24. 18, 21. 21, 1322, summa 14,11.133,1 summam 55,

19 98 25 4001412446 11
41,.’,.’,,.’,,20310001100011,.2
12,3041,,.132314,1,..1811808
32218131130000123100

24101,24.134,2 summa 48, 28.
*108,0. 1431123420 0311111-
121111ἒ111ιό2, 12. 103,0.148,10.108,,2

 

