-131-

96,17.102,13.131,11.162,1.271, 23.127,.2 133,9.139,13.161,14.
24 66616161111630, 27. 33, 3. 62, 13.* 166, 4161, 19. 210,16. 260, 13.

78,1.,.,68488726.101,1..916.

268, 22

1616161616, ’6 141, 6. 14616. aaut 6611 -
146, 6. 161, 1616611. 166, ’1. 6. tamquam i1, 111166

161666111666

6666661166 12,17

6616661166 9,18

συμφωνίαι (661661166166) 113,17 -
symphoniae 6611. 116, 20 nympho-
niarum 9,19. 116, 28 661116116-
6166 0,13

συνηχοῦντας (666661166166) 121, 8

συνημμένον *113, 13- 6666111616-
666112, 18. 113 ,1<54'8>.( (,114 24.)
116, 1 14 24 (66611661)

Syracusis 10,17. 216,10
ansius 23618

Syriae 663 86116 190,14. 190, 2.
161, 16

σῦριγξ (strix) *207,1

66616166 70, 13. 20 systylon 9611

’ 6661611 73,17 systylo 73,13.70,7

86·-16

tabellas 88, 28

tabernam 60,18 {abuma 237,11 »

tabernae 106, 6. 146,Ῑο

16111161 142, 8.10 tablino ‘141,21.
161461 tablina· 141, 4. *146 16
tabula 139, 12. 202, 3 tabulae *202,
16 tabulam 888‚4(10) 1601116161,
3 tabulae (21, 21) 60, 14. 266, 7. 9.
268, 26. 269,1. 355,ss (tabularum
114, 6) 666116461616661166,

4.,276 20. 277, 6. 7. 279, 12
tabulationes 11610
tabulato 274,16 1611111616 274, 7
tabulatorum 274, *3. 7. 14 taliu-
1616 276, 23
(tabulina 146 ,10) 6. tablinum
1661161116 *23, 20

tactus 46,18. 262, 9. ΙΙ’237, 19 tactu

’166616 100, 16
tandem 1368
tangit 88, 8. 16, 4. 188, 10. 11616.

1161 tangunt 16611. 161, 16.
1261113614 tangat 28, 24. 79,
19. 82, 22. 94, 6.96,12.109,11.
123, 21. 207, 3 tangant114,11.
117, 2. 214, 12 tanget 206, 7 1611-
66612061 tetigerit 20, 1. 82,
14. 16 1416611111· 66, 22 1'78,18 =
tangatur 193, 9 tangantur 114, 8.
137,4 tangentur 55, 3 tanti 61161
272,12 1661661161 46,7 tangi
164, 16 tangendo 61, 16. 66, 6.,
241, 11 tangens 241, 2. 61, 7 tan·
gentes 255, 7. 266, 19. 1 tacta 63,
17,190,1 1666616611 tacta
4616 - tactu *16616

tantus 0666 616664. 6661461.

143, 9. 203, 22. 26. 26624 tantum
34,5 tantae *6616 133, 26 166-
tum 7, 22. 214, 18 tantam 62, 21.
61, 16. 161, 1. 11. 11616. 11611.
161, 1. 1666 tanta 16641166
tanto 63, 21. 120, 24 (altero tantu)
166,13.212,1.116,8 1661666611
1661112164 tantarum 133,23
6666666666
tantia 1, 0. 8, 10. 22613 - 611661.
tantum 143, 7. 216, 23. 216, F514.
166. 16616. 166, 16 tanti 461
tarttum actu. 8, 19. 20, 27. 28, 9.
37, 22131, 19. 197, 20. 231, 19.
276,16.283,1

1661664616 tantundem 611666. 0612

17. 81, 5. 215, 15. 213, 26. 270, 21.
81,23.268,18

0,10.46,10.*1(19,2011164. 121, (1616166166 616 41666166 90 ,22)
16. 137, 8. 237 (19) *21 244, 17 tarditate 137, 26

taedae 6611 18617

taenia 91, 20 51¹8. 27

taleae *21, 21 taleis 21, 23
talentum 666. 279, 21

1611166273,12 tardior 222, 3 tar·
1111116 69, ,

diores 31,13.137,19-·
1315124, 31 tardius 224, 3. 241,

16166168,18-. 198,4 1111161620 Tarentini 210, 21. 10, 10

talibus 16610

Τ616616161Ϊ616611*233,13 (taranti)

tam 22, 6. 27, 7. 62,.0 79,6.81,13. Tarquiniensium 4614
828. 87, 24. 94,2. 100, 23. 106,.2 161606 *194 24 1arso*203 ,1(111)
143, 21. ⁴550, 1.166,16.116,16.161166111, 10 16611226, 24. 35. 228,

(22523,q21.)21'l, 7. 253, 11. 267, 22.
,.

tamnu 8,19. 69, 9. 04, 3. 90, 20. 118, taxilli 251, 14

11 12. 14. Ι*17. *231, 7. 241, 13
tauro 225, 27

9*

 

