-ss2-

' 1100108726 0110000182 80,.1 24.147,27.178,3.179,1018118.
58, 19. 139, -13, 142, 2. 148, 12 182, 20. 183,14. 15. 184, 3. 208,9.
,eadem 70, 9 0106001 71, 4200, 276, 23 igni 48,0. 80, 28 87, 10.
14. 220, 17. 238, 6. 237, 4. 281, 8. 89, 7. 00,8 179,1.18. 181,8. 192, ι
288 21 *2,878. 280, 8. 281, 12 1102720318 13000 42,18

dem (hisdem fere seraper (1Η. ) 18, 1300101018 187, 18

18. 84, 22. 88, 2. 88, 7. 80, 19. 98, ignoscatur 11,8 '

24 99, 91. 101, 9, 19. 102,1, 7. 10. ignotitiam 94, 4· ¹

100, 27. 113, 29. 122, 20. 128, 7. 1300400130, 11 1300411200, 28. 231,

’ 1401220020 27 pl.99,.,.','11489915119

identidem 218, 2 , iliadem *187, 10
ideo 1, 18. 4, 19. 8, 9. 19, 17 17, 2. Ilienses 138, 18
23, 3. 24, 10. 37, 22. 30, 15. 38, 11. 1110 31, 22 1110267, 28 illam 59, 30.
23. 30, 10. 40, 94. 41, 28. 42, 20. 48, 281, 10 (1110281118) ilii 9895
7.19.46,20.’48,1.*82,1.84,18,101030121.172,4 imaginis 81, 28
88, 9. 58, 17. 00, 8. 61, ’1.’9 26. 72, imagi119m 28, 10. 89, 28. 239, 21
⁴ ,24. 73, 20. 701102, 13. 98, 91. 90, imagines 142, 11. 188, 28, 170, 3.
8.108,3.107,1,108,26.113, 19. 4,.20 28, 8. 89, 19. 191, 15. 139,17.
, 118,12.118,1.120,16.13210.109,1,8.11712,16.240,0 11003101-
133, 9. 134, 5. 195, 91. 144,18.146, 41110908.
24140, 10. 150,14. 181,8.18. 184, imbres 121, ’28. 188, 18 imbrium
. 8.190,9.199,10.199,i5. 173, 91. 189, 17 11041100 34,17.19. 188,1.
178, 10. 170, 9. 179, 9 189, 9.14. 190,6 imbribus 38, 4. 83,8. *73,
“ 187,10.188,19. 189, 17. 199, 5. 28, 9. 180, 7. 186, 91. 188, 14
193, 19. 194,12. 197, ’0. 198, 17. 200, imbricata 49, 20
8. 203,18. 204,17 210, 5. 228, 13. (1018111401 208 ,18) imbutus 11, 5
*273, 12 - . imitabili 34,11
idiota 184, 21 idiotas l,54 21 idiotis imitat· 10 89, 8 imitationem 85,18.
, 184, 19 · 90, 1. 100, 9. 958, 99 imitatione
idonea 40, 2. 8. 183, 10 idoneum 20, 80, 10. 110, 28
14. 120, 8, 186, 19. 31 ,13. 49, 28 11014111 imitarentur *17212 imitati
idoneam 201, 0 idonei 10, 24 ido· 0104 88, 91. 172, 7 imitari 108,18.
neae 35, 18. 55, 94. 85, 20. 102, 24 1832411112, 19 imitantes 34,8.
idonea 104,10.200,1 180, 18, 248, 8
“ ieeur iocinera 18, 95 iocinerum 1000100004 18 20 0000100400 080
18, 98 · immolatis 18, 20 immolauisse
ieiunitas 43,11 ieiunitatem 170, 23 214, 22
ieiunitate 16312 imperator, 1 1. 99, 99. 59, 99. 54, le.
13141119,7.16,1’1.18,7.’31,10.36, 83,]3,103,2,243,19 “
17 38, 21. 39, 19. 42, 9. 18. 43, 9. 1100811410 139, 28 -
44, 1. 45, 0. 83, 1. 86, 13 84, 8. 108, imperiil, 13. 88, 1, 138, 11 imperio
4110,4.111,4,101,0.10,10810 80, 22 imperium9, 1 imperio
139, 1'3. 130, 28. 148, 18. 158, 18, 1, 2
18417. 194, 11. 108, 18. 999, 3. impero imperabat 40, 91 imperaret
240, 27. 243, 14. 283, 12. 288, 99. *51, 8 (imperauit 187,8 8) 11011010·
269,1 ueniet ΙΙ217, 2 imperailieeet 59,19
ignarisi’», 15 8, 10 imperatum est 59, 98 imputare
ignis 45,10. 89, 19 167, 10. 184, 94. 51, 7
187, 17. 192,14. 200, 17. 994, 8. impetrauit *187, 8 impetrauelmut
wfflemmmmmmn mummtmmmw
1wwmmmmffimnmmwwnmmmmm
44, 9. 45, 9. 18. 20, 22. 86, 4. 20. 24 188, 8, 108, 3. 222, 20 impetum
87, 1. 3 91. 58, 9. 89,11.148, 5. 18,0.140,16.183,26.18812 190,
171, 7. 177, 10. ’,180 10181, 3. 5. 826318 1103041121, 7. 21, 19. 23,
189, 16. 199, 9. 274, 17 ignem 94, 16.134,20. 138, 14. 189, 10. 224,
4. 8. 33, 18. 37, 17. 20 86,10. 146, 26. 228, 4. 22. 220, 14. 959, 1. 284,

 

