›-74

· 8110114,81.110,85.170,5.834,80. 84.141,80.143,4.9.144,.3 197,
848,1’8.883,8’5 011810. 15, 8. 10. 19. 148,’11-73,’10, 109, 3. 138,Ιο
8, 7. 77, 15. 78, 8. 88, 15. ’01, 84.· alu 3111111503 88 31. 98, 14. 108, 80. .
5,11.100,.5 115,9. 11010153,105,88.196,17.144,.7 149,19. 277,

24. 184, 18. 195,5.’814, 10. 34313.
858,18’81181311’19,11.89847,85.

88- (3111111113 pro ’1311111113 80, 8.
01, 5. 8. 88 8 04, 84. 101, 84. 106,

31, 34. 33, 13113, 33. 134 13. 141, 34' 333 ,1)’ ,
3. 143, 14. 133, 3. 333, 3.’ 333, 11. 313331, '.13 (183, 1.) 31131411.

243, 88 311811113111, 8. 805, 4. 222, 23
0118103678 *11. 14. 810,.7865,’7.
3133 alteiam 41,34. 34’,11. 134,
85. 818, 4. 883, 84. 853, 29. 855, 10.
878, 10. 15 3113131388,16.98,81.
107, 19. 880, 87. 855, 6. 858 5 1110811-
simo et 311310 886116 311318 10,
. 133313.131,1.133,11.*133,31.
1433. 11313. 131, 3. 133, 13., 331,
3. 333, 11. 3333313333) 133, 34.
807, 9. 884, 1. 885, 7. 878, 18 alte·
188 34, 89. ’*99, 81. *188,’3 altera
98,11.’,87611’31181138’75,85
0111811113 0110. 48, 15. 292, 87. 863, 1.
878, 17- f. 34, 30. 59, ’84. 877, ’88
11. 30, 11. 47, 88. 48,.9 117, 16
Altinum 80,3’

3111111110 68, 8. 78, 18. 73, 11. 1315.

. 11113381, 1-

01, 28. 18580 251,7 altum 97 21.
100, 85. 11’8, 3. 868, 18 31188107,
81 altum 806,5 31131300, 88. 873,
85. 874,4 ’111111 88, 18. 58, ’86 0111
98,1. 117, 83 881. ’14 31111808, 14.

, *9084 10083.106,8.107,14.114,

16. ’118, 13 ’80. 141,’10. 14881886,
14 311188, 8. 145, 88 31113 *856

84 01103114,14 11113391, 1. 106,

18-11131131351,17-8’58,80.

874, 13-1111101’*8’,1 10. 79, 84. 7
209, 44 altiorem 149, 31 altiore s
334, 3 altiores 333, 1'3. 34, 33. 33,
7 100, 4. 122, 18. 13313 altiora
88, 0. 97, 7. 868, 8. 217, 20 01110ὁ
alte (14 34) *441 ,
59,15.59,24.142,12.170,1.l92,
29. 208,17. 856, 1. 257, 88 altius,

17. 77, 10. 1080, 10. 1113. 1413. 80, 10. 856, 18 a’ltissim'e 134, 5
8114 3134 84487101101 3138010133*7’7,3 ·
3133333331,1133331133. 3133313331333131313 13313

09, 88. 10118 101,11. 108,’4. 115, 01118113 011181 1861317 1111811111 88,
711711118191201912228 88 alueo 1948 ν
Ι 89.14’1,7.148’,.8 153, ’13. 10. 814, alumen 810 85. 198, 14. 1948 0111· 3
25. 299, 10. 297, 4.0. 114. 870, 17. 1111118 4815 ,
871, 81. 874, 12. 333, 34. 881, 5 aluminosui1119l,19 alumm03119823
altitudinis 10, 11. 40, 88. 58, 88. 65, 313313 104, 4
15.10.31,13.’10.15’,.3 39:13. 80, 8138111018 59 6
’ 80. 81, 5. ’18. 16. 18. 83. 82, 7. 13’ amarus amara 133, 5 amarum 58,
85, 23. 86, 8. 87, 17. 97, 86. 119, 88. 15 amaram197,3 0111310198, 83
100,8.14’84. 108,8.1’14,18. 118, amari 199, 23·- 0111011 801181
1441.1345.143,'33.311’,14.314, 1’19,84- · ⁹.
4. 888,1. 071, 80 altitudini *108, αμαξοποδες (amaxopodes) *279 3-·
6.140,7 altitudinem 34, 8. 4. 38” amaxopodes* 2782
13. 85, 88. 85. 88, 14. 87, 10. 29. 34, ambio ambiunt 134’, 18 ambiuntur
34. 101, 8. 105,80.198,9.110,.3 193,14.144,183mbmn4014413
118, 4.9. 181, 0. 183, 88. 185, ’80. ambitio 84,0’3311)1110118 64,8. 14
188, 81. 135, 28. 143, 9. 14. 148, 15. ambitum 7, 4
170,8. 185, ’88. 189 2 11. 18 998. ambulatilibus 881, 6

80 219, 13. ’888, 18. ’880, 3. 341, 14. ambulatio 33, 1 ambulationis12'1, 5

ambulat1om 33 29 ambulationem

244, 8.6’. 846, 83’. 853,.9 254, 5. ’856, 69 17, 124 6 ambulatum 123 20

1305310. 88010. 888,10. ’874, 11.

3131313 altitudine ’5,3 5. 70, 7.
33, '14. 13 (34, a> 33, 1',103 ’34
117, 86. 118, 16. 188, ’14 148,14.

’ 171, 14. 193, 4. 860,3’. 875, 5. 279,
· 17. ’878, 8 3111 3111333 52, ’83. 78,

ambulationes 71,Ιο 13310. 183, ·
14.134,313.33.’.*34133,13.13.
145, 87’ ambulationum ’18,4 88
ambulationes, 105,1. 188, 17. 184,
3.1,4311 131,1.1113,11.3333,0 '

13 8018 848 9881 10881 188, 0135310101]οε 878 80 1 “

 

