- 11.-,1

arachnen *236, 16 - arcturus 998, 9 (010101001229,14)
Arado 980, 21 0101110261,16.262,1614 ·
araeostylos 10, 16 araeostylo 13, 22 01000 pi. riam 1262 162,14,(222,
mmmmmmww mmm'
aratra 945,15 Ardeatino 199, 99 ·
Aratus 232, 24 “ 01601 16, 16 016010 69, 9. 223, 8 01-
0161111*48,’24 6011012,11.211,2 0160111001 192,
01611110 38 26 (48 24) 01611110146, 2 4. 26 ardentes ’4,2 16. 69, 29 01·
arbitror 213, 6 60011046,13.192,’20 “
01·60166,11’.199,1 0160110 55,.9 6601001311 016010192,Ι 16 224, “
68, 23 ’016010 66, 18 0160100 33 11 Ι1116010042, 28 22 43,1.,136 16
11.64, 12. *66,1. ’60,.6 60, 18. 61, 010060, 4. 62, 26 areae 144, 19. 216,
16 181, 26 101, 21 60,1.’128,11’192228.2141611.·266,0 aream>
arborum 94 28. 186, 14. 188, 2 191, ias. Ιο0. 213, 26 01000 30, 9. 95.
8016011600 64 26 ’36,1. 66, ’16. 61, 66,8 010010101126.26,13.60,1
23.106,18.11’0,21.’2,84 16 (26)66,1 01000 2019 01010626. ·
arbusculae 216, 34 0160000100213, 196, 22 »
8 0160000110 218,2 arefacti sunt 99, 16 arefacta fuerit
01611011204,18 01600110 66 12 180, 20 arefacientes 3413
ammemmmfflm,mmwmmc ..
aream 140,18.*261, 12. 262, 24 Areopagi 36,19 κ ’
219,12 areis 261, 21 01000 129, 01000001163,’ 11 arescentibus 199 24
11. 18012 01000 ’199, 23. 20 Areuanias 60,12-
Areadia 199, 19. 206, 21 (613011001636 u. Arcesius)
Arcesius 994, 22 *1499 argentariae 145,9 -.
Archimedes 10,11.160,2 Α10111100-01011100111188,’.26 19316 013011. ’
610 5, 21. 206,9. 216,’8 Archime- 1
'umm,m’ mmmm,m.mmma’m
architectonicas 218, 29 194, 6 argenti 116, 10. 915, 11.
architector 6061100100101*133,12 216,16.16.19 0130111010 116, 11
(010611001016666101011110010100 argento 2166--01301110111Ι uiuum ·.
001· 8 6 166, 23 010611001010 001 111, 12. 118, 4. 6 013016006111, ἱ
219,6’ architectandum 161,18 1.118,12 ². ·. κ ·
architectura 11, 16 0106600161001, 01300100 *21, 11 , ” . ’
21. 16662 21 36 22 04 20103 6131613ιο 60188420 ,1 '2'
13. 166, 21. 164, 6. ’242, 2. 284, 24 argilla 944, 8. 126, 21. 126,6
3,22010111100101011110113’4,6. Arcadas 9919 ’ ·=
949,19 architectura 1, ’1. 3, 5. ’33, 013000010110010 113, 22 ’
6066Μο,6 ammia,rwmmmr
architectus8, ,3 9, 3. ’11, 5. 14, 13. 01301100 161, 19 ι ’
31,1.26.110,816422242,1.’2,80 andus 38, 24’. 118, 26 01160168,ἱὸ
1112128316 01011110062311. 10, 01160111’38, 12 aridam 189,19
' 22164, 8.’11 0106110010 138, 26’ 01161 38,11 01160068, 3. 118’, 10.
3626 ’01061100101113,311.6’,14. 181,2 ’arida 99, 14·- -in 01160 ,
8, 6. 64, 18. 86, 26 110, 24. 281, 6. 168,.10 ⁴

eam 919 9 0130010010111210,16-, ,

0106110062, 24. 4 3 19. 8, 19. ’66, 01100 ’01006600 212, 99. 214, 20. 218, ¹

2 ,,00 20. 110, 8. ’116,’22 186, 11. 24. 218, 2 0 anetem 21610218,
10106020.1601214101, 1. 2021 ansts 216 44. 484, '15 0113-
242, 21 0101111001011011 10, 12 2’84, 100 22,13 13- 0110100 animet
19 architectis 1, 3. 133, 20 arehi- 951, 94- 0110110 sides 999, 99.
1001006, 16. 1, 18. 122, 9 archi· 221, 14. 228, 14 19. 260,10.’240,
100110 8 4 26 0110112319 011010 233 9. 241,
Archy 100 ’10, 16. 160, 2. 211, 6 Ar- 11. 12 · .
0166,6 6666666660
000100 (010 um) *998 4-01011 228 214,3 arietariam 21313
9 ,01010022011418 Ariobarzanes 199, 1

 

