Ι-133-

31. 113,13.311,3 structuras 123, 134,33.33.133,1.11, 133, 4. 133,
13. 133, 3. 133, 3, 33. 33. 331, 3 1313. 143, 14. 143, 21. 13313.
structurarum 42,0.46,18, 1333 176,11, 186, 17. 186,10, 13. 207,
structuras 33, r. 33, 13. 133, 3 13. 313, 3. 333, 3. 333, 13. 13. 331,
structuris 33, 3. 33, 33. 4ο, 1. 11. 13. 34331. 33. aaut. 334, 11. 313,
13. 33. 44,1343,11.41,1.33,33. 3. 3331
76,2.123,’11.162,8 · subactionibus 41,2,168,7
311311131331134,6 subarescente 167,17.21
struo struat 47, 12 struebant 34,16 3313131311 331 176, 23 subereta 176,
struxit 237, 11 struxerunt 62, 3. 2- 31133131311141, 11
88, 24 struuntur 33 2. 8 3 11. 42, subcuneati 13311111 162, 10 ,
11. 47, 24 311,1111131 23,3. 123, 27. 3111111111213,1
28.130,6, 164, 23. 170, 6. 207, 23 subductus 3111112647 subd. suerint
3111133111136,21. 126, 13, 21. 130, 131,7 ’
2.148,7, 113, 12. 18. 163, 21. 161, subductiones 240, 24
11. 207, 20 structi 31111138,17 33133 subrt 22613, 263,4 33133111
3111131111113111104,2 3113313133- 231, 22 3311131111, 3 3111113111
113147,27 311·331113347,22 stu-u 34,8 311113111*224,26,263, 13
63314714-136,1(3111131331 3116113226,17 subiens 213,26.
linae 33 ,20) 311113116313 3111122313 subeuntia 213, 23
3133 43,18 structus 36, 10434 subgrundas 277, 7
studens 23,2 10 'studentes 48, 10 subgrundat' 10 11. suggr.
studiosus 1, 17 studiosis 237, 7- subgrundiis 60, 14
studiosiores ·-33,1 studiose 31111313 subieci 64,18 subiecisset
218,2 studiosius 5, 21 36,4 subruuntur *2332 subicis·
studium 2, 2. 63,24 3131111133 13163,6,126,26 3311331113 331
studium dedi 133, 7 studio 63, 231,1.7. 1023 subiecti 3331 136,
16. 166,10. 22. 204,3 3131113111311,,2*2236 3111133111 133111 263,7
36, 12. 63,8. 24313 311161132336. 31111331113311111162,10 331131311-
246,9.108,6.127,11 (1333331167,1 13113137,10
stupentes 137,14 subiciens 228, 17. 230, 24 sub· ,
stupore 137,18 ⁶ iectus 230,16.264, 11 subiecta
’ stylobata 1014 stylobatam 76 26, 31, 12. 170, 21 submotum 21314
77,1.101,8 stylobata 1013 st·y subiecturum. 87, 23 131, 16 sub·
iubatae 76 4 styy lobutururu 100, 24 iactae 32, 24 inhiantis 140,14.
stylobatis 123, 3 stylobatas 76, 4. 273, 3
*100, 22 stylobatis 80,8 sutiss'tio*2eu, 23 31111331131133 2372
styli 2136 3 ytylis 267,1 subiectionibus 236,1
Στυγόςυδωρβ tyglosbydor)*l33, 13 subizat 173, 6 subigitur 217, 20
3113313132,11 3311333186,13- su ugutur13313168,1 subiecta ,.
311311131·6,17.110,11 3333131313 suut 160, 6 33113113111113111 168, 4
211,20, 111, 13 3113111313 187, 24 subigendi sunt 171, 3 subigendis
saturitatis 180, 22 33311111113111 10, 31131, 167, 26 sabasia 18313277,
31. 131, 33. 133, 13 suuuitutu 3. 33, 18'. 123, 22. 123, 3’. 133, uf
186,6 ·103,10, 203,13 subacti 260, 3.
sub 0, 366 17,1,11,2.13,1.71,14 212, 11 3316311131, 4. 262,1 sub·
88, 16, 90, 2. 107, 26. 136, 3. lsi, 8. actis 261, 7 ’
162, 22. 167, 1. 1110, 20. 219, 23. 26. subinde 166,16
224, 26. 226, 17, 226, 3 132331.3116113113263403611131313116611)
22 263 1. 7. 13 2666 subc. siut. subruusn 2603 1
0,1.2 13,l. 346, 36, 6. 42, 12. 13. suulsust 238, 3. 246, 23 3311333131
· 33. 43, 111, 31, ’3. 31, ’13. 3333. 33, 3331413
a. 13, 3. 14, 21. 13, 33. 13313. subustus *131
31, s. 33, 33. 33, 13. 33, 3. 3131. subura> suturas *suas
33, 31,. 133, u. 133, 11. 34 33. 134, subliuutu 1tu‚a1
313313.133,14.131,13,133,33 (sublysi 133, s>

 

