- 111- ,
reiicit 54, 26 16661116193,21. 26.

16 recepto 42, 20 recipiendam

166166616167,19 recitarentur 155,
26 1666661116 167, 10 recitatis‘

recognitionem 2, 7

771777, 777. 2. ..

·-1·26624,2’. 6,4. 26,16. 62,’11.
60,.4 106,’7. 22 126, ’17, 164, 12.
169,4.164’,18.16424166,14.’21.
.166,11. lsi, 24. 206, 24

recuperantur ’66,2

redae 266, 20. 264,9 1766226611.
16.*264,41·2626246, 26. 266, 20

reddit *155, 1. 514, 19. 241, 20. ’266,
14 reddunt 61, 26. 176, 10 126·
6216116 168, 26 ’16662111 60, 21.
66, 22 166666 4,11 (169,1) ’166-
deiuus 102, 27 ’12661611 171, 20
166611611140,27 166661162’616
71, 21 reddere 4,6 reddi 4628

redeinptoris 216, 20 redemptori
amrmmmmm‚w

redeo 12616 64, 26. 220, 14. (221, 16
credor). 111, 21. uuir rede’unt
um5.m‚om55m‚n
amemwrffimm,w.
<269,26>.262, 17 rediens 20,10.
241, 16. 22

1661316111 168, 16 1661311611161, 6
redacta esse 42, 61

reditus 262,7

1661111111 166, 14

reducunt 262, ’27 166166166 *267, 12

. reduxit 282, 21 reducuntur 264,
18 reducantur 262 6 166166661’
61160, 21 1661661661 267,12
166106660261,11. 216, 1

reductiones 126, 24 rediretionibus

redundantia 19, 26- 26, 26. 164,6
redundantiae 24, 22

redundationibus 224, 6

'redundet 207, 8 redundantes 109,
27. 140, 24

1661161616 *1627

1616661616112’, 5 resectionibus

1616166 121, 4 1661116166,19 16-
6116111666, 22 16161611186, 6
246,11. 44. 246, 12 1616116611
224,’6. 246,.6 6. ’(1061....Ῑοσ) 26
249, 2. 6.7 ’referatur 247, 11 16-
71166 fuerit 55, 7 1616161661 267,
9 (relatis 150’ ,12)

1666616 210,6

reflectitur 2502 6 ,

refragantur 167, 26

refrenando 222, 22

refrigerationis ’1612 refrigeratio·
1611167,16.*1’96,26 refrigera-
6161622416 161113616616161169,
6 refrigerationibus 11, 2. 20.

refrigeretur 15, 27 refrigeraretur
192, 7 1616361661141,21.167,19
refrigerata 145, 2 refrigerat’um
179, 16. 169, 9 refrigerati 192,
21’161113616616137,16.*17 16
61361666147, 26 refiigeratis 155,

1211 61666 , “

refudi 216,6’

regalia 146, 26 1631111111 119, 26

16310142 ’111, 16.26,6. 114,19.’144,
27. 192, 14 regionis 29 2 161, 1’,
regioni 51, 12 16316121126,1’4
86,16. 96,’6. 111,.8 144,11. ’,146
26. 26 regione 60,11. ’76,9. 99,
16.19.102,1.116,21.111,’.6 120,
4..66. 127, 20. 166, 26. *’166, 11.
100,16. 226,Ιο 266, 22. 262, 11.
286, 21 regiones 13,’26,.17,1’.20,
26. ’26,.9 2611962710627 116,
omssmmnmmstn
182, 4. 186, 21. 203,6 regionum
5‚55555m5555

‘wmffiwoemm555,·
1 116.16,1ο.16,4.16,11.41,14.
6,ω2ῌωηυ6ω2
rmmfflfflnmamss
wmmmmmffimmww
gionibus 4,1. 17, 6. 8. 24,14. 26,
2³·555555555.
rmwwmnfflMQMQ
14. 1641626. 29. 166, 4. 167, 26.
147, 9. 176, 17. 179, 10. 162, 8. 10
185, 26.16’6,26.1’67,26. 290,1.

191’ 10. 196, 1’. 6. (1). 266, 1. 261, 27 Ι

16311191 191316, ’,60 27 23)63311136,61’, 9.
21611 16’616’1””4’9411720”8”’Ι

1631161664,20 regnante*51,5

1631111191’,.6 202,.9 61,6 16316 ⁴
1666661”11’1’,’”1’6’Ξ11’1,11

regressus 666. 220, 19. 222, 5. 15

1631116206, 20. 206, 1. 14. 228, 6. 246,
26. 266, 10 regulae 11, 24. 206,
22 20616 27019 20 bre 1631-

 

