-·-“149 -

91, 14. 161, 61. 164,.1 166,1.168,
-.11 164, 96. 169, 98. 178 16

8168 816886 194, 90 8168111681 16, 6

8168688681 16, 90. 108, 99 81688-

688 8886 108, 97 816886889617
1116886884,17 816818 91, 9 811811

68, 8. 194, 91
81611 49,19. 164, 16 81618 186,1

8168681868199,9 8686818861 8886

166,1 uituperare 168,10 uitu-
681811 167, 99 ·
8188 81181881 166, 4. 919, 90·

uiuus 8188 86, 96 818881177,19

umorem 96, 96. 97, 19. 66, 97. 66,Ι
16.198,19.1,.866 166, 9,169, 16.
186, 66.¹ 188, 10. 96 8188181111.
18, 11. 41, 16. 96 49, 90. 46 ,6.46,
4. 66, 99. 94. 9161, 11. 16. 69,
19.61,96.194,19.186,18.187,16.
144, 91. 164,11. 170, 6. 166, 19.
187, 10. 199, 61. 910, 94 umores
66,17. 196, 66. 18694. 188, 19. 96
81881881 197, 19. ⁴606, 94 umores

. 90867990 6198 19896 198

61. 97. 170, 4. 181, 16. 66. 189, 6
18. 98. 190, 1. 8. 191, 16. 198, 98.

178,4 8181177, 7. 178, 19 uiuum 199,16
*1666 uma 90616 81888 6618 888 aizv. 4, 17. 94, 19. 89, 9. 49, 90.

uix8,i6.6,.,66146

’ Ulixis 179, 90

181, 90. 96. 168, 19. 167,6. 168,14.
177, 14. 966, 16. (961, 16)

888111, 188888, 8. 181, 8. 884, 11 uncinis 118811

811818 1,99 446 811188 168, 10 8868 98, 96 undum 110, 6 8868
ullum 644 8119111116,8.184,8.118,16.189,8 8116818111 109, 98.

169, 94 8118111, 6 811896, 9.

168, 3. 949, 19 61118999,11-

68666. 8118 61, 4

664116, ,4 1111686188, 99. 94 uirdis

underel. 16, 16. 98, 8. 60, 6. 40,6.

81188866, 98. 66. 67, 19 ulmo 14, 91 78, 7. 111, 4. 11. 168, 16. 176, 94.
Ι 8168118161, 10 8161811018 89,14- 176, 18. 196, 6, 197, 4. 910, 18. 66.

ultimis 666, 6

, ultra ι- 81618 -134, 98

990,16. 966, 19 mide 181188 96,
1818,8.81,8,88,1868.8ο,1

. 81618 64,10 ultro 81618 111,8 undecim 67,1.14 ᾗ

8186 86,1.6 180,14 “

8868888 69,16

umbilicis 66, 96 umbilico 66,6 88686831868 991,96 ’

umbra 96, 96. 96, 1. 98,19. 918, 90. 8838 8. unguo
633, 17. 934, 7 umbrae 96,91.96. 8113116111*97,90

, 9899 918,96.98. 933, 161618. ungula 136, 13- 931, 7 ungulae
96, 9. 98, 63 8186181861 umbra 999,1

,9 616, 98 umbrae 96614 8181118· unguuntur *196, 14 8838681187,8

’ 1818188, 9. 918, 94 8186188971
187, 97. 9,18 17 umbris 196,16.

- 186, 14. 188, 9. 989, 7

Umbria 44, 64
' umbrosis 61,19·

unctae 8886 68 99 8838118838811)
*196, 19 unctu 968,11 88861196,

19 888688 968, 98 888688 196, 16 ,
unctis *166, 10

88188188 98, 1 uniuersae 11, 16. 19,

8188811861, 18. 998, 6 umero 99814 16 uniuersi 11,19 8818818818 66,

umeros 101,90.999,1’6

66. 66,19. 08, 18 uniuersi 167 7

881168 47, 1. 187, 16 umidum 187, 9 8818818841 68 99 uniuersos 168, 64
umidae 66, 66 8811681889, 60 8888 97, 7. 60,16.110, 96117, 16.
88116861, 16 8111141198, 17. 144, 91 187,8. 900, 94. 984, 19. 966,6.969,1

umidae 18, 16. (64, 14) 8181688
144, 66 8181618136,99.169,97.
189,11-8868618 881168 98916
s ‚ umidis 166, .2..7 umidissimi

811161) 167, 18. 46, 10. 198, 96. 196, 9.
166,6.166,10.17.0,9 197,168188·

ris 181118, 8111. 11.ιί. 48,ιι.
4818. 4818. 88488814. 88,
1. ι. 18188111. 18881881,

8. 16. 111,8. 184, ιιι. 1881814184

888 16, 7. 10. 41, 6. 9. 48, 18. 79, 8..
mstmwstwffiffiffim
6. 80, 16. 17. 89, 914. 87, 18. 61,
1198. 99, 9. 96,16. 96,10. 100, 4.
116, 8. 116,16. 199, 96. 196, 6. 198,
1. 9. 141, 18. 16. 149, 16. 166,16. ·
914, 10.·990, 9. 980, 4. 968, 17 bis.
646, 16. 969, 19. 966,7 888187,96.
9, 10, 68, 96. 69, 9. 47, 96. 71, 96.
76,16. 79,16. 116,9. 119, 90. 196.
9.149,14. 108, 99. 96. 914, 19. 986,

 

