-19-

mmmmmmmmn
999999999
1.109,2.9.160,4.170,29.172, 9
999999999,
mmmmwmmmu
mwmssmssmmm
1. 15. 278, 1. 6. 2798 per se 3439.
3999999999
999999999
3999999999
99999999
99999999
secundum se 162, 29 supra se
162, 22. 189, 14. 224, 10

sulphur 210, 29. 192, 14. 194 8 sul·

hure 42,14

3349133941 192, 24

sulphurosum 191, 10 sulphurosi
sum 11, 6. 32, 19. 24. 33, 13. 90,
29 334 suut passim - id 334 9,11.
9999999993.
99999ωω999
10. 204, 18 260, 4- *est 9, 10. 12
98, 23. 09, 4. 89, 24. 109, 20. 234,
21. 239, 4. 13. 244, 4. 297,13. (107,
Μ99999,399
2mwlomuam2ffl)9mm9
11.149 18. 101, 21 229, 13. 270, 9.
ωψ9ω9ω99η.
9999μ99999

· 9999999999

991999999,9
99999999993
99991939939999
33999199349993
3ωω999999ω1
ηωωω919999.
999399949993
9999999ω99
91999999999
99Μ93999993
99Η9999999
99399939939919
Μ999999999
99999999ῃ.
9939999999
49993919391993
939999993993
, 3. ι3, 23. 39,3.39,13.44,13.46,2,
3999993999.
99399399999
s. 3. 34, 93. 33, 931992. 33,
9999999993
9999999999
9999999999,

9.102,18.103,16.104,19.20. 110,
17.117,23.118,17.20.122,11.18.

123, 24. 124, 3. 129, 7. 126, 4 12. ¹

9999ΜΜ9Μ99
99ω9999ωω9
99999919993
999ωω9ω999
39Μ9Μ9999ᾼ9
9999999999
9ωω91999ω9
999Η9Μ9Μ99
2999ωω999ω3
99993999ω3
233, 9 275, 18. 2⁷6⁶ eruum.
999999999991
393999399939
Μ999939ΜΜ3
9,99999ΑΜ99
39499919993
9999999999
93999999939
ffiwmfflwaemnmmm
lmmwmm,wm5mm
9.99ῌΗ9,999
9Μ99,99,9.9,3

999,9.9’Μῳωωω9,

4 33, ,7. 34, 11. 37, 27. 42, 14. 46,
3939999999.
131, 21. 133, 20. 196, 24. 183, 19

184, 17. 197,10. 21 203, 20. 217, 4.
223, 7. 242, 19. 249, 7. 10 19. 21

290, 17. 273, 11. 12274, 9. 2892
31013910 33116,1.,710919.
13, 11. 22. 14, 922. 19, 19. 28. 20,
9999999999
99939999939
1999393939939
41,999.0.7.9.40,10.93,3.4.19
99999999999
6.13.29.71,10.29.72,9.8.9.74,
11. *14. 17. 79821. 7911. 17.
20. 24. 26. 77, 9, (10.) 11. 21. 78, 9.
27. 79, 6. 23. 80, 9. 81, 3. 4. 21. 87,
9999999999
11.12.13 049.94,0.19.24.90,2.9.
97,3.11.14.17.99,10.11.12.10.
100, 0. 101,11. 1091990. 1693.
12. 29, 114, 17. 119, 6. 9. 118, 3. 19.
119, 7 99 8. 121, 19. 122, 26. 123,
199999ῌΜΜ9

,0.12.13.19.*21.20.27.29.134,

99999Μ9999.
99491233993999
3Μ9ΉΜ99999
99949939399
3ΜΜ9ΜΜ9999

 

