..99-

possessionem 20, 17 possessionen
203, 12. 131, 24. 132, 28 001101110-
nibus 14, 20

possidet 118,2 possideant 220,4

14. 280,13 0010111111 14,14. 41,
19. 40,10. 03, 0. 19. 00, 20. 02, 9.
mfflwmfflnmstmm
wammmmwm

00111110 133, 28. 230, 10 001011224.
3,12. 3,10. 7, 3. 8, 9. 17. 0, 3. 21,
23. 28, 7. 32, 9. 11. 33, 21. 40, 23.
42, 21. 23. 43, 18. 30, 11. 33,1.3. 18.
33, 24. 30, 23. 37,18. 39, 8. 03, 0.
70,18. 89,13. 00, 10. 103, 14. 113,
18. 113, 20. 123, 22. 132,1. 24. 148,
10. 130, 22. 133, 3. 154, 21. 138, 8.
103, 9. 107,12. 172, 4. 173,12. 17.
18. 174,10. 177,18.24. 184,20. 183,
23. 189, 20. 102, 0. 194, 21. 100, 17.
18. 200, 17. 204, 21. 210,3. 13. 213,
3..23 222, 14. 243, 17. 244, 20. 240,
18. 232, 24. 234, 0. 273, 22. 275, 21
possumus 23, 3 34, 22. 33, 18. 23.
03,10 71, 12. 88,2. 110,17 200,

0000000000
17. 200, 23 0001011111) potui 54, 0.
82, 3. 83, 9. 99μο 102, 10. 138, 19.
140, 12. 14,8 25. 104, 23. 170, 13.
211, 23. 241, 27. 209, 18. 203, 3. 272,
19. 284, 21 potuit 183, 0. 282,17
00100101112,23.34,18.131,9.179,
21. 283, 8 οο1111101284,3 0011111·
001 231120 001011101010 133, 12.
243,18οο1111110111100, 12 (00111010
38,1.0 110, 20, 272 ,2) (00100111
170, 13) 0011101101 02, 8. 123, 28.
200,4 001107, 17. 2220. 8,3.32,
0. 30, 10. 48, 29. 09, 27. 90, 11. 132,
0.108,2.200,22.206,10.222,10.
273,10.281,11 00101110 280

0.210,0.231,20.281, 17 00110111 00110110. 100, 18. 232, 15. 233,.4
270,7 00110. acc. 3310. 31, 3.
80, 22. 100, 18. 121, 23. 124 27
,128,18. 13028. 150, 10. 178, 22.
181, 14. 188, 22. 190, 10. 218, 4.
210, 7. 229, 22. 221, 22. 228,4.289,

10000100001
2mmwm.mwaeww
wmwmwn8.umm.
4m.8‚mmn.wmm
ommwmwwmm
nm1mmmwm2

8.240,3

140, 14. 10. 21. 104, 20. 107, 4 170, 001100 4, 13. 20, 0. 38, 13. 40,7. 00,

24. 173, 9. 174, 19. 177, 13. 182, 20.
01’00οῌΜοω.
mmmmmmfflwm.
1οΜ000οωοω0.
οᾙΜοοΜ0000
001011 3,10. 0, 4. 7, 0. *01, 3. *03,
100000000
ωωΛηωηυΛηπ

10.,021.80,1080,1.,892’,11149
137,3. 108, 28. 101, 0. 12. 100, 20.
107,17.172,10.17423179,210.
180, 20.200,0.210,10.173,.4
15. 282, 17 cf. (10111110- 001100
quam 38, 9. 84, 24 -0011000110111“
00000οΜοΜ,
ffimfflw

1QMQMQMQmemmmmssmfflmmae‘

mmmmmmssma

mfflw

277,10 possimus 203,11 00111111 postero 150,13. 187, 3. 14.190,11
0000000000 ΜΑοᾙ3ΜΑ-Μο
104, 18 103, 20. 100, 24. 114, 8. posteri 73,.7 80,12 001101011110
117,12.120,20.123,3.1712012. 218,ss 0011101111,10. 4,.21 0,.4
128, 19. 129, 7. 144,1.147,20.102,10,19.133,10.100,0.211,22.233,
20.102,13.103,7.109,28.170,17. 2·- 001101101207, 22 0011011011
204, 15. 208,12. 20012. 211,19 239,11 00110110110111 240, 10
232,11. 24018. 248,0. 204, 10. 0001100 09 12. 14 20 21. 24. 70,30.
200, 0. 272, 14. 21 0010101201, 10 10. 71, 20. 72, 11. 78, 8. 92, 4
0011110111 28314 posses 2,13 postis 001101 132710 270 13 2784
001101 32,4. *20 273, 22. 2111, 7 001101000101102010011000310110111
00110111 32, 4. 09, 20. 78, 7. 80, 20. 20, 3. 28, 23

103, 27 131, 20. 278, 23 001010 0011111111 02, 13. 91, 11. 105, 22. 144,
131110. *110, 20. 201,2. *272, 2 1910010 0011100011111103,3
0010111 3, 23. 28. 0, 20. 7, 13. 23 2 001101000111111ρ*1,00 7 0011010111
47, 15. 48, 21. 03, 17. 71, 1. 108, 10. 107, 24

101119. 12010. 13010. 148,10. 0010111001011110111 15,2 00100111
2wmmmmm4m mfflm

7*Ι

 

