„39..

261,13 (11661611 03, 10 distans 24,1 diuinitatem 102, 20 diuini·
179, 5. 999, 8. 13. 22, 24. 263, 4 16616116 222,16
‹tia9rntas 959, 21. 278, 6. 114, 20 (1161661 diuina 1,1. 138,10. 184,11 .
distantia 99 28 distantes 110, 26. diuinao 186, 7 9115129518, 19. 231,
143,8 (1161661166112,1 18. 233,4 (1161611246,6 -
(1611166104, 20 (111111661187 8 (116- (1161116616 264, 24 diuisione 26,10.

tribuerunt 66, 20 distribuitur 04,
14.141,1(111111666616184 14. 00,
9 (1136116636661 30, 9. 99, 99 106,

12, 13. 116, 21 (11616666 23,14.
666666666,6’
(116161661661331162,11.18.1601,2

6148, 28 (11611166161661230,16 diuitiarum 133,6 (11611116 133,6

(1161116616 111 203, 23 diotribritae 1116161*264 4 diurnum 221, 17. 264,
assant 160, 24 distribut 11 fuerint 20 diurna 221, 20 ’
106,7 (1116166666 6661 2614, diuturnitatem 55, 16. 61, 17. 59,19.

· 30 26 (11611166616138,10 (111111-

61,1.29 ’

66100, 1 (1166116616 esso 121, 26 diuturnus diuturna 16611
(111111611666204 ,11 distributa (11666 60, 18 (1161 10,18- (666

23,1

diuo 13,1.10,0 6. (116)

distribut ιο 14, 11. 16, 23. 90 ,,.(27)28 (10 (1666117 10 darent 197, 22 dabit

101, 23 (116111116116616 14, 22 (116-
tributionem 160, 21 (1161116611666

11, 13 70, 16. 12, 23 distributiones·

1ω666’66666
rwwwaeu-mnwm
2017110 (11116666661666102, 21
disturbat 1110 6 disturbant 100, 21
666(ὡ)6,ω66,
wmuww.ummffl‚9
mmnwmmffim
66,6.666,666

6,6166,1666,6.
161, 23. 283, 1 (16116661862 (16-
derit 210, 21 (1616140,10.11,16.
149,10 Mar. 267, 23 (1366111132,
18 243, 7 detur 73,14. 87, 19. 99, ²
19.199,4. 108,6.123,6.141,7. 13.
143, 7 (1111111616.*101,11.141,
9. 117, 18. 271, 6 3610161166
dare 51,19. 9'48, 10 dari 31, ²21.
106, 4 dando 181, 4 dantes 199, 16
666,6 .

180, 22. 188, 3.· 102, 6. 200, 10 doceo docui 94, 26. 83, 20. 232, 5
(11661166666661246,16 (1166116616 docuit 161,0 dooonto 158, 20

...399 959 10
diuidit 10, 3 diuidunt 266, 8 (1161111
2’0,10.112,6 (1161661661 104, 12

docilem 3,10 docili 34,11
doctrinam 213, 11 doctrinarum9, 9.

72264161327241668213 -
1 211, 7. 242, 18 (1661116160, 6.

diuiditur 195, 22. 106,3 (1161666161 1316611661 10,61112,
tur 37 24 diuidatur 72, 4..6 73. 26. 139, 27. 246, 19 “
13. 17.14,10. 13. 16. 17. 11,11. (16161616616661661 132, 3 (166116
13. 21. 80, 14. 10.81,18.01,10. 02, 26 (1661666413.132,2 dootio
99. 02,1. 03, 12. 13. 00, 23. 07,1. 0,-12-(161166161124312 (166116-
23. 98,1. 99,11.19.100,.9 116,7. sime 26106218·

123, 4 141,.1. 1219. 21269, 19. (1091666 (1011136616 1661126618
2101 211 ,4(0) (1161(16111611714. (1691661610, 10
16,1.03,14.111,13.213,21 (1161- (100131163113 274,1

(166161 261, 26 diuisooot 16, 6 doliorum 147,10 (161116 (doleis)
,111616611111366 diuisa 6161 994, *116, 23. *181, 12

13 diuisum 6111 270 2 (116116 166- dolo d5latur 195, 94 dolatae 61,17
11110612.141,2.216,1 (1161966- (161016 194, 95 '
(161612261161966966113,16 dominicus 176 6

18, 21. 81, 116 diuidendae sunt 111ο61166196161111164, 10. *14 domino
99, 19. 74, 29 77, 23. 93, 1. 995, 9 176,11

, (116166 141, 18 (31166146 (11- domunculae 150, 1 ’

. 11111022 203, 23 (1161666 207,6 (16166140,1411.60,21 1101661649,
(1161669,14.207,12 (1161111361. 026 118, 21. 203, 9. 915, 95 d0m5
08,14.110,3 ’ 61, 4 (166166 149, 18. 22 160, 6

diuiriitua 14, 5. 90, 10 diuinitatis domos 14 24. 30, 19. 40, 4. 114,16.

 

