.. 8 -
8811126411 6186128827 6881 141118,1,.3828 168,.6187, 16. 218,

’268 13 agent 288, 21 6891661

28. 228, 11. 280, 8

·282, 20 68661111 16217 6861111 611116 21, 20. 84, 12. 102, 10. *168, 13.

ammaimwammau
6 mmmm.m,mm

ageretur 262, 4 agendae 6661166,Ι

,2.26 681167,14281, 12 6866116

. 24412 68666214, 21 6866166174,
1η6,6ψ666,666
6666666 ·

6861666161 uem. (161) *8,10

6811611 66 ,16 66, 7 agrestibus 119,
66666,6

J ,

fffflffiw’44ruemu
273, 26, 274,2 6111612228

alae *99, 16. 142, 4.*228 16 alarum
141,11.19,142,12 allis 141,10.

6166611116 Alabandis *70,1

Alabaudeualw, *24 Alabandaaalu,

Albanae 44 21. 46, 16

,6111611010881287 148,17 61116-
1116166,16- 611661. a. 143, 24

6161116886

Albula 133 26

albus 44, 24 alba 67, 6 album 167,
16 albe 414 61611 138,13

Alexander 81 8.21.32,.317.188,18.
129, 26 Alexandrum 31,12 Ala·

’ xaudra 27618

Alexandriae 166, 11. 166, 26, 218, 21.
(266, 16,) 267, 6 4lexanduiam

, 82, 20. 167, 18

Alexlandrinua 26616 Alexandrino
1161116162, 16

alga 2771

61166 220 26 61166- alias 110, 24.
288, 18. 262, 78 ·
Aliearnaaaa u. Haliaamaaao

mninmwwamani
6Μ6,6’6Μ’Μ.ᾁῃω

«116,18.188,6,6,214,12.2288 ·

288, 18 aliull 14, 17. 184, 21. 188,
18 248 16 277 4 alii qm u. 66
2. 186, 16 (6111161611, 16 ,21) dat.
34,12 61111111 21, 20. 208, 11. 288,
6. 261, 26. 276, 17 8111111118 488.
122, 21. 22. 184,8. 146, 28. 188,8.
188, 20. 208, 18, 214,12, 288,18’
6111111 18, 20. 64, 22. 88, l. 102, 7,
168, 8222, 0 611014,17.288,14.
247, 24 6118 18, 20. 22, 2. 102, 10.

·184, 17181118. 147,6. 217, 1. 218,

21116. 22, 226, 8. 280, 6616 alni
42, 80. 101, 17 168,18.288,4.261,

9 alu 646666 16. 666616. 66 22 ,
68, 8882. 88, 161118, 1024148 24

166, 16 168,8,4.176,8,118,18. 182,

18.134,2.1,38 11. 286, 21. 247, 23

ammmmmmmmwm

100,13.20. 101,22. 106, 21. 160,

24.167,801’6.181,11.238,14.288,

7. 248, 21 018, 268, 23. 268, 20. 21

6116 22, 28. 27, 16. 48, 20. 44, 10
bis. 23. 46, 22. 113, 2. 137 ,.78. 160,

26 16821, 28. 186, 18. 181, 8 186,

1, 238, 8, 244, 14, 281, *12. 18 aliia,

6666’666666.

66666666666

26 alia 18, 26, 20,4 40, 22. 6626.

1666661666666

aliia 146,17, 16. abl. 13, 21. 168

20.maffim4muwan
24,10. 48, 20. 68, 8. 88, 2. 101,16.

16,6.6ωᾼ666666

18 bis. 14. 200, 2. 220, 24. 240,8

bia

6116616661 60,19

6116666886 96,16. 11117. 166,6, 61118611661666 166 20, 21. 262, 23
176,1.181,11.248,16,20.248,26, alligo 6111866147 224810 allia·

277,18 alienam 134 2 6116116236

1111· 246, 7 alligantur 3811 li-

10, 64,.6 166, 2, 161, 16 6116661 8116161247, 8 61118611 278 26 6111-
171, 6 alienia 162 6 168 6 167, 16 86164716.*)782 6111861669, 28

alimentum 64, 19 ,
61166116.206,9
aliquando 16162611

6166617626. 160, 22
11166667, 8 186, 17 1116616276, 22
, alo 611124, 23. 66, 8. 184, 26 61661144,

aliqui 666.8.170,4.209,4 aliqua 22 6161161184,13 61661681

162, 26 61166166111,7 aliqua 198,

24. 203, 28 aliquo 177,16.206,18
61186161187 aliqquid 187, 26
611166, 24. 26 14, *24 bea 26 161

611 32,10, <192, 17) 1647 alendo
161, 3 6166116621, 26
86 6818. *61,6. *180, 16 18in

ΑΙ866 192, 21. 208, 26

66666666616666

 

