- 141 -j

18. 1311 uideretur 612 uide·
rentur 113 uidebitur 7, 81. 75,
1171331113.13111311 nia
(13533131 13, 5. 3. 19, 21. 82, 10.
3113. 311. 13111. 11133 uisus
331 21115 'uisum 331 28, 13. 31,

uirtutes 11, 80. 31, 3. 31, 1. 133, 3.
1111. 33, 3. 3113. 1113. 11, 18. ¹
1113131111

3117. 118, 8. 13113. 1313173,
11. 17113. 13111. 133, 13. 137,
13.1311ο.11113.1111.11113.

1. 1117. 113,· 13 uisi sunt 313 11113 , uirtutibus 3111113.
uisa 8888 88, 13 uideri 11117. 3133117.1311113113

1111 (uisam, 1)- uidetur 113, uis 1113. 11, 11. 11, 0. 33, 3. 711.
131111113111 33, 3. 11113. 131313. 804, 1.

· uiduatus 1113 131111111131117111131,
(uienna 1311) 14. 1313 uim 11133111. 133,
3181131333 113 uigilantia 1313 13. 13113. *137, 3. 133, 13. 137,

, uiginti 311. 71, 11. 13. 11111. 117, 11 ui 13,17.*3117.1111.133,
1. 1113, *810, 88. 1113. 11113. ·’

1313111311113117
133 1 uires 131, 13. 184, 18. 3111

uigore 18,1. 118, 3. 131, 3. 11113. -
11111 uigoribus 1313 uiribus 84, 1111111111. 80,
ninam 1111 nilla 11113 uillae μ11. 131111117111 (α’. 1108
140,18. 1113 3111131113 uillis 1313) 841, 13. 1311
1415 31311311333312215 ’
7113311313 1414 313311111119 313113 uisitata 219, 21 ,
uincio 3133133 sint 4114 ·· uisus 75, 4. 199, 3. 185, 2182, 15.
31333313331175,13131333111212,5 913 uisum 8131 31331125
31301331 245, 22 uindicatae 1515 31133 1715 17143110
uineas 13113 33313113 8888 8, 8. 31, 10. 88, 11.
ninum 1113 uini 180, 80. 101, 14 13113. 13111. 1311313113.
uinum 13111 uino 180, 88. 800, 1313111111113 uitam 1113.
28. 24 8115. 184, 9. 24. 185, 14. 204, 20.

uiola niolam 13113 uiolis 13111 818, 311113 uita 1, 13. 88, 7.

31313333 (1313317 · 1313. 1311. 818, 10

3131311133 1512 31131331 51, 17 “

uir 3111151533313312111331113 31131151118117 311133 25110
1121 uiros 13123 31113115 3183312117 uitiatur 51121178,

311331321110 3113113511 uirgis 1817114 uitiantur 3123. 144,
3113131117111 11. 1313 uitiantur 1713 3311- ·

uirginalis 3117 buntur 1113. 1113. 13111 ui-

uirgo 80, 21. 23 31111333 88,·18. 0808 erunt 4114 uitiatum 8888

· 1317 uirginum 801,8-uirgo 17113 ·=
2215 uirginis 23124 uirginem uitiosa 53,12.*210,,5 uitiosum 219,
2218.*230,21.241,18’1313133 7. 55, 14. 71,5 3111333111 3115 ·
22110 ‚⁰ ’3111331 38, 11. 194, 8. 24 31113333

3380332311 311331323113. 108, 27. 1518 uitiosa 1123. 154,
2311 31133133 2318 uirguli8 113113 31113333 1311331113-
3111112315 333 5118 uitiosa 111 uitiosis

131313 17113 uiridissimo *13117 1311311131311 ’

, ss 33131. uiridia 143, 28. 144,3 uitis 31113111 1318. 24118 31111133
uiridibus 1111117 1311 «

uin‘lis 3111. 3113 - 3113 uirili uitium 88, 18. 1113. 1113 uitio
31111311 uirilia 1113. 180, 1313 8181811141,10.188,18.188,
8. 88 31711131311 uitio 1117.

Virtutis 31111311 - uirtus 804, 88, 1117, 133111. 173, 13. 13
11 uirtutis 1, 10. 0, 3.· 3. 131, 13 uitia 1111. 11, 13. 33, 7. 31, 711.
uirtutem 1111111. 13, 13. 11, 311313111.11131111313.
11. 31113113. 13111. 13113. 1311. 131, 11. 17111. 184, 1. (3).
1313. 133, 13. 131 14. 173, 13. . 11. 888, 84 uitiis 81, 80. 84, 10. ,
17111 3133331,1.173,13.11113 1113. 33, 884, 8. 81, 18. 3111.

 

