..980-

contrahit 88, 13. 337, 3 310 3 311,
’ 3.1300110101100131,3 contrahun-
. 01113337.131,11 00001011000131,

113,10.138,13.1883 copiis 31,
13313711131033018
64, 7. 33, 3. 83, 30100, 3. 181, 33

33. 37, 3. 3. 3. 00, 31 contrahantui 0031001333.133,1.1317 copiosae
71, 22. 37,0. 103, 18. 133, 13. 318, 30, 33. 183,-3 -00111011013187, 33

, , 18. 370, 3 contrahentes 33, 3

—copiose 17011

contrarioium 00300. 01,-3 contra· coquitur 181, 8. 17 coquatur 41,6

riae 31, 11 contrarii 313, 37 000-
01011013003330 0000000133,

coquantur 41, 18 cocta erit 3,3 13
00000100110103, 17. 180, 30 co'quen-

33 00001000 331 17-00000101111 dnm 131, 30 coqueidam 68, 3

111, 3 0011010110 188, 3
’ (00001100010331,18)
controuersiae 7, 7

, 000000 33, 3 coctum 187, 7 000100

383, 31 00000 338 00011137,1

coracino 138,11

contueantur 30, 3 contueri 66, 7. coram 138, 8. 318,3

331, 30

’ corax corace 373, 13

000001001131, 18. 383, 3 contumeliis Oonnthms 03, 30 Corinthiorum 116,

· 0010110000οη1 173,33.178,10 con·

tundatur 300, 3 contusa 170, 3

00000000 173, 10 contusa 11,18
conualescent 14,8
conuenientia (13, 11)117, 3 conuo-
nieutiae 1113

conuenit 08,17 0000001000 70, 30

conuenireht 31,3 conuenire 130,

30 Corinthios 87,0 - corinthio-
rum 011300. 13,13. 34,11 - corin·
00108118. 86, 31. 133,7 001111-
thium 841688,17. 110,7 corin·

. thii 88, 37. 81, 4. 87, 7 corinthium

303,1 00000310130. 133, 13 co-

1100101113, 10. 13 001100110081, 1·
corinthia 87, 33 corinthiarum 83,
10 001111οὴ1010081,6.101,37.113,

. am a,aanmnawo

33. 303, 13. 288,18. 313,18. 333, 30 33 corinthios 143,11 corinthiis
mmmmaan'maaaamannmmnnaa
conuenientia *13, 11 000000100·33,0110,13
teni 113, 3 conuenientes 30, 30. 00110101383.33.38,11.*10,13.373,
· 38, 22. 77, 3. 338,3. 333, 34 6011· 11 0011030310 0011017,33 00-
0011100010 13, 13 00000010000007, 1101010131 00100 *33 11. 17, 33.
3. 113, 3. 334, 13 conuenientibui 137, 34. 138, 3. 373, 10 374, 8. 373,
’ 331,3.333,3.*3-001111001011110·1.377,1.7.373,3.11.381,11
simum 03, 31 · ’ Cornelio 3,1
conuentus 33, 38 conuentu 166, 28. Corneto campo 188, 28
313,7 ’ 000000000 113, 31 - corneis 110,13
conuernmtur 177,11 cornu 30, 3. 37. 130, 13. 338, 11. 13
(conuersationis 313, 37) ’ 000030011133. 113, 11, 31. 118,
conuertuntur 103,3 000001100ου1 6. 130, 3. 3331,
370,0 conuersa est 137,8 con· 001000 81,13. 0313313030. 37,
uertendae sunt 26, 28. 86,8 con· 16. 310,1.*333, 10 coronae 81,26.
00101331, 37 conuersum 333, 11 31. 83, 1. 33, 6. 313, 13 coronam
ewmmnan nammafflmauw
,’ conuictus 84,1 conuictu 303,11 rona *03, 1. 118, 11. 13. 313, 7.
conuincerent 173, 11 310, 10. 18 0010000 70, 33. 83, 1.
conuiuia 160,8.‘88 conuiuiorum 64,6 11.33,8.100,3.133,13.137,1 coro·
’ conuiuiis 171,31 . 0010111233ὁ 3. 10. 8347131, 106137,
fffflfflssffhffliffii
copiam 14, 33. 13, 1. 33, 13. 30, 34. 313, 3 001001013,’18.84, 1214.
106,8. 187,13. 307, 33 copla 82 *83,3. 108, 7. 10.118,31.137,16
’ - 13.31,13.00, 33.133,13.173,13 001000111110313, 17 001000110171,7
. . copiae 11,18. 00,8.138,13.173,0010000103118 coronantes 33013 ,
30.180,13.183,8.3113 copiarum corporaturas 186, 6
11,11.13,31.113,4.131,7.3 co· 0011100133.17,17.101,3.133,30.
pras 330. 37, 3133, 33. 133, 33. 22.184',1e.1oo, 1. 303, 28. 304, 30

000010 333, 30

 

