..33-

182,1.192,9.219,2-112111111.2
199,2011111111121117,122. 19, 29. 109,
18. 118, 29. 139, 2. 249,21. 277,111
1121111219,20.121,29.11,4. 19, 21.
.94,..2111*99, 14 37927 99,21.
49, 19. 99, 1. 99 22 92, 9. 94,.27

11.23<1112>24.29.129,18.130,9
112, 17. 18.2291’2.149,29.147, 13.
191920.103,·12.19.194,20.199,
4. 170, 17. 1891, 29. 207, 2. 29. 209,
19. 211, 11. 279, 29 119- 3111119111
ΙΙΙ43, 27111190 11911) 138, 27. 281, 20 .

99, 24. 112, 8. 114, 9. ΙΙΙ1119, 9. 129, 1191111111 19,9 nebulae 19,4 nebulas

‘awmnmnwmwm

123, 30. 189, 9

17.191.1911,11.172,21. 17,8 14. 9911919292 19,11. 123, 29 nebulosum

192, 13. 209, 19. 21. 203, 22. 217,

187,18

10. 218, 9. 219, 12. 18. 230, 19. 231, nea 4, 19. 9, 9. 8, 9. 10. 11. 1211. 19.

18. 232, 21. 233, 19. 244, 211. 249, 9.
aaammamaam
rmmmaman

1191919112 13, 22. 111, 19. 17, 22. 219,
9. 237, 19 naturalem 129, 8. 124,
mmaamwwmaa
ammffimmnwmffi
mannuaaaamna
20. 198, 29. 184,.4 210, 28 99111-
12192 9, 24. 210, 121. 39, 9. 922. 19,
22. 93, 9. 179, 1113 921111211919 10,
19. 991, 27. 292, 19- naturaliter
19, 17. 32, 17. 42, 7. 49, 24. 99, 29.
nw.nmammamw
24. 192, 7. 199, 18. 200, 9. 217,8.
112221129912-21192111222112*129
4 naualiorunr 130, 29

naufmfio 131, 14. 29

naman 22 1’21111,4 nauiculamm
929131111οηί2 299, 29 92913211οηί9112
nauigo nauigantes 293,11

911912 231, 2. 294,.9 299,17.*12,21.
172,9.2194,1.(279, 9) nauem 294,
17. 120. 294, 24 naui 299, 2. Ι1279, 9
nmmmamwmmm
nmmmamummmb‚
19 naues 91, 21. 128, 24. 129, 9.
249, 21. 293,3 nauibus 91, 14. 119
amma

1. ue (necne) 173,17

2. ne c. ccmr'. 1, 8. 7, 7. 9, 9. 10, 9. 23,
9999992999
9999ω99ωψ,
17. 113, 3. 129,14.102,21. 103,1.
174,14. 179, 9. 180, 9. 19. 181,14.
aar, 1111112. aaa, 1. 111, 1. 1111,
mmnmammmm
119112-11111222,1.99,9.199,9.
107, 9. 109, 19. 1914, 9. 29. 197,9.
170,.3299,12-(191111119119,.9147,
2319920- ne 1111111191 9 19. Ι’79,
18. 1091, 27912. 80, 1.114,1.14 1171

18.111,491’2.14,19.19191·. 19,19.

-3 21, 19. 124. 299191. 32, 12. 39, 18. 1’19.
4111913,19.91,31.99,91.29919.

99, 7. 9. 191. 14. 99,17. 941, 3. 99, 17.
999ω2929929
nmmaamanaam,
4. 19. 101,19.104,9. 1919121198,
24. 170, 21. 177, 19 bia. 184, 7. 197,
28. 191,19. 197, 22 bia. 204, 21 bie.
209,22.(211,9.)219,3.291,1.290,
19 aaa — quidem 194, 9. (43,
27) nea solum 1919. 198, 9. 249,
9-1199112173,17

naa - naa 37, 23,. 71, 19. 79, 21.
9,99Μ2Μ9999
19919. 199, 24. 171, 9. 173,9.179,
1. 1179, 7. 192, 12. 199, 9. 291, 29.

. 223, 21238, 1.1282, 19. 283,7

mmmm‚a’mm'mm. ,
rumnnaaawnw

912381240381213494. ·

1719. 47,17. 419,2. 49, 20. 94,117.
99,19. 99,27. 93,19. 91,911. 99,
7999 99,9. 1918,24.199,4 119,
9.1211,9.1129,8.193,10.149,17.
1491192,111.193,21.199,8.1173,
19.1177,19. 191, 7. 111. 192, 2. 197,
999ῌ992ωω9
4. 291, 22. 242, 19. 29. 290, 20.
m‚ummammma
289, 9.9- nequa 29111111 2939
nequa-nequa14,9.19,1.2.0,7.
22, 19. 37, 9. 42, 21.1 19, 212. 03, 21.
1111,1.131,29.1192,3.1149,19.1142,
4. 199, 9. 198, 917. 177, 23. 199,
19 209, 17. 209, 9 217,·19. 18 243,
17. 2491, 17. 2491 <,4>. 1299, 13 na-
que- -nac 90, 119. 79, 19,1 179, 19
184,19.199,117 239, 9. 2921, 14
nec- neque 249,7 112111111- -111
39, 23 193, 21 1

necessaria 1214, 20. 199,14*11919222-

rium 94, 21 necessariae 10, 7 92,
4.99,19 necessariam 1129, 21.
131,19.132,10.149,19.184,17.

39

 

