-21—

69, 14. 147, 23 156,18. 166,12, 182, 250,.7 17 cnodacas 250, 6. 615
151(,252 251)- 01 1111033 cnodacibus 250,10
citra *252, 25- -cccc 190,16 coagmentatione 2159, 24 coagmen·
citreae *195, 18 tationibus 58, 5
citro (ultro 101110) 111, 3 000300010100209, 15. 19 coagmen·
ciuiles 174,8 1010260, 2. 261, 18 273,1 0003-
ciuis 86, 21. 189, 22 ciuem 21,13. 0111010100 195, 2 coagmentatae
132, 5 0111001,16. 5, 7. 150, 12. 1251, 205, 22 0083100010110 2566
21 0101111053.521,19.35,9 ciui· coagmentum 0083010010 47115. 126,
1111049, 14. 33, 15. 17. 145, 25 212, 5.,165 6209, 12. 26 0081311191110·1
26 01010030, 20. 51, 10. 211, 212, 201 1010417, 9. 154,,1 155 3 coagmenta
ciuitas 1,12. 4,11, 30, 7. 92, 10. 39, 39, 12. 46, 22. 147, 23. 95 23 25 162,
14. 85,111. 104, 24. 200, 27. 203, 21 21, 164, 211. 166, 16 coagmentis 46,
213,3 0111118110 30 2. 312, 1. 49, 110. 10. 130, 26. 152, 16
51,126.106,.,316618.2812,5 01111- 00 1119320
1011152,1,117,413 0111110110ιο 20, 00 001101(10001001101)*131,4
26. 32, 5 20. 1119, 25 193,10 01111-000110110236,19
111011010200101211010 008118110240114 ’ ⁴
194, 219, 202, 81224, 22. 292, 15. coaxatio 154,116 coaxationem 149,
242,5 0111118100 67, 22. 35, 12. 272, 20. 132, 23 coaxatione ⁸214, 25
’ 21. 234, 13 ciuitatibus 51, 7. 69, coaxationibus 105, 6. 153,9

. 14. 122,1.9 124 19 28 174 20 2192 coaxatum luent 164, 15. coaxatae ,

0111110100 19 3. 35, 4. 20415 212,8 52, 24

ciuitatibus 129, 181. 90, 11. 49, 9. 314, cocleae 257, 21, 258, 22. 259, 11 co·

21.85,9,17,116,19.1124,.211,91 81 0108012591,14 cocleae 255, 20 259,
’0101000012162 6 00010101130,16,147,19
claritatis Ἰ91, 24 0100101003μῦ coctionis 164121

110, 14. 115, 5. 297, 20 0101111810 00010110 173,111

121, 18 (0001100 2031911. κοιλίαν)
010100101018 215,1 01011016,17.110, coenaculorum 52,24 ⁴

11 0101100000 161 2-011110010101 0000 0001101425 00110 97, 26. 43,

109, 18. 220, 23 12. 170, 25. 1718,5
classem 51 9,11,5 15 01000051, 7. 11. 000012, 91, 153, 191 00001135, 27 221,

282,16 7.15. 273,13 00600100136, 27.
8181111018 *99, 3 < 34, 5. 33, 11. 66,14. 89,.2 2611,16.
0100010 91,191.291,6 2819, 20 'coeperit 220111. 15. 1269,
01001001001271,15 16100000110124,5
clauus clauis 169, 67 164,16. 156, 000111 94,5.97,9 01001110 50,19’-”’

3. 169, 19. 254, 216. 267, 1 003110110112,5. 263, 9 0031101100οω
0100010010οε *3516 · 215, 20 0031101100012,4 cogita·
· Clazomenius *212, 19 0100000010-11011001161,8 cogitationibus 84,

10011939 > 9 0031181101000 91, 29. 109, 2. 201
01006100 u. Ctesibius 197, 12. 198, 9 00311090016001, 6.
07700 (0100000010010)*295,19 nu- 816, 2. 91, 1. 36, 4. 9. 192,11. 156,
01101110101110111111111111 ,113112 climacida 0031181111113121411111112100311010217, 19

271, 13 1’7(243, 12) 155, 6. 168, 10. 213, 9.
0110011101 126, 23 216, 22 (0031101110 15911,5)
01110111 200, 128 . 0031101 cogitant 97, 90 0031100001
(0111118οι10 177, 2) 289, 22 00311810011251, 22. 232, 10
cliuus 251,2 1011111203,21 cliuum cogitandum 281, 20

203,19.1209,17 0110101 148, 24 00300100 139, 26
cloacae 124 5 01000οη1017, 5 cloa- cognomen 1517,17

0001281710 0030000001θῶ cognoscet 2637
(0101100101 272, 4 clusus 262 ,22) 0030001299,10 003000011017,12.
00030001(1161110010001011011. 0010011.) 191, 3, 220, 21 0031100001οθ, 13.

,0110

 

