-130-

20.110,1.4.113,4.125,3.130,10. 13111 0300180,30 1111120124,
111, 11. 114, 14. 103, 33. 11111. 311 siccis 130, 30
11111111111111.1111111, 111111 111, 1. *111 11
11. 111, 1111, 1. 111, 1 111, 13. sicilici 1111 sicilico *1111
263, 0. 280, 10.*331, 18- afuerit sicuti 3131 ·
111111. 11,1. 11,1. 311141, cido 11111111 11, 13. *33 - *111,
1.11,11.11111111111111, 11 1111111111 *111, 11
14. 83, 17. 90, 0. 108, 28, 100, 6. 10. 3101122026 sidera. 331,34 side·
, 11111.11111111111111141, 1111111111,11131111114.
1. 11113. 1111. 11111. 11111. 11. 340, 3 111111 111, 1. 131, 13
168, 18. 178, 23. 180, 16. 20183, 8. sideribus 151, 13. 210, 2. 10. 228, 1
11111111111111111111111, sigilium 1111111311. 11111. 131,
11,11.111111114,1111111. 1 1111111111111311111111.
1. 11. 11111. 111, 3. 311, 11. 113, 11,1111111111
111111111110.14111113, signifer 330‚3 signiferi 13111.
7. 268, 8. 11.277,10. *ll - 11017 231118
addito verbo 41, 8. 80, <11>. 13. significationen1206,4 significatione
11. 33, 1431, 11 11 <4>. 1. 111, 111111111 significaticncc131,4
30. 308,1bis. 213, 24. 261, 1810. significatus aec. ΙΙ232, 23. *3334
230,Ιὸ sinon 00,14.133,10. 111111111111111113,1.113113.
11111. 111, 11 131, 11 significant 303, 11 cigni-

ci == cb 31,4.13,11.1’31,-11.111, 0110065117 cigniicabci 2131
11111111111111111 ccgncficcb0110,30. ,18111 1111-
11111,11.11,14.11.11,1.11,11.13, icatur 010013 scgmficcbcniui
0,25,17,02,10,14,34,02, 3533· 186,20 Slgsslficflcrfl 35,21.102,10

31, 11. 111141, 11. 411. 411. ,00300οξ0000 3310010711
1111411111,1111111111, 0030000.411008108011130
31.3013.31,33.33,3.73,0.30, s1gno 11310111 217,11 1131111311·
1111111111.11,11(11).11, 100110· 17118 ,signetur 11,1.
0, 01, 10, 24, 00, 00, 87, 0, 82,28. 153,23.2,34, 10 3180011101· 2114,0.
04, 1¹ 00, 28¹ 00, ῃ, 07, 10, 102, 02, 238, 27 0131781103, (331) 25, 2⁴1. 26,3
103,7·23·100, ¹4. 110, 14, 112, 17, signapdum (est) 20, 0. 29, 4. 7,- 231,
114,17,110,20,124,4,10040120, 17 3181101100(8711111)235,3 3181113·

« 11.111111411.1411111113. .- 000 08ιο 0035000 0401 1⁷

, 31. 113, 1. 111, 13. 103, 4. 103, 4. 01000· 05100 0011· 185105- 0311·

,164'15·135'12241166'3⁸ 167'20' *⁸240,25 413111219,25.220,l2.
100,1,170,1,170,15,18,181,7,105, 221,10.24 slgnum 28, 20. 22(),11.
11,11. 111, 11. 111, 11.*131 11. 212⁷· 221, ⁷· 1⁶· 22· 333,1. ‘23-
200, 0, 200, 11, 204, 04, 2011, 15, 223, 3. 226, 23. 230, 10. *240, 24

1011301131113133 1310310131,3331

1113301·3131311 1⁵⁵- 212311’0‘5'211331 13111

111,111111111111.111,(11) 8 signoruni 117, 3· 13211· (1⁷2,
21‚233‚22 , · 11.)111,13.111,11.11.111,1.114,

. . . 17.228,2.230,12.232,3,230,10.
1111111111 4012. 171, 22 macescunt 240. 22 . signa 95, ,3⁸ 173, ,6, ,20

, 40, 16 1111111113 130, 7 3131111111 ὃ, 221² 21, 224¹ 19· 2202111010

38,10 111111111138,13 11111· 333,0.335,3 Qui, 30,3.10.35,

000000 ³⁸¹ ¹³· 422⁶· *⁵³³²⁷·⁶52¹⁵3 111111.111,11.111,13.111,11.

,0321118 , , , 111, 11. 111, 11. 111, 3. 0. 1113.
. 11111111111111111111131111,11. 334,13.330,30

,1901 , cil *1111 cilis 111,11.*111,1.111,
1111ο 11111111· 130,17 mouentur 23 11118111

*130, 20 = 1113110111111*172,0 11111111*171,10
1111113113 1111113110 siccum 3031111110οᾼ

 

