-1Π-

166, 99. 33. 168, 90. 169, 99. 186,
16. 909, 11. 907, 17. 947, 18. 963,
16. 967, 6. 977, 14 1611661116 61661
6161 993,19 scripti 11166 936, 91
1161116116161,11.*11,61.*16,

110, 6 996, 7 secundum 167, 4
16611616) 31, 1. 64, 96 83, 90. 999,
96 secundae 163, 91 16611616 114,
93 secundos 943, 4. 6 secundis¹

7. 88, 6 143,19.*148,7.940, 19 1661111613611967, 9
161161611166 101,14 114, 91. 193, 16661166616971 ,11-1666116111100, 10
94.171,1.187,90.976,18.976,19. 36111,11.4,17.6,14.18.8,10.11. .

977,6 16116616 9,.3 11,6.101,3.
1818613 949, 3. 980, 4 1611666-
⁴ (1616 168,16 16116661169 936
161166ηά616 (6116) 103, 96. 97619
16666611616116104,17 1611666-
11117, 3 scribentes 168, 7 1611116111
60, 97 scripta 7,10- 100,11. 1,
7904, 6. 937,9 scriptus 973, 94
1611666161919, 16 16116161616166,
16. 913, 4. 917, 13. 318, 10 1611-
1166116111 168, 11. 919, 19- 937, 4
1611661116 16116611 167, 1. 99. 161, 90
scriptorum 33,19. 37,17. 10313.
166, 1. 904, 7 16116611 103, 4 1611·
669 39, 96. 166, 91. 167,11.18.
160,13 980, 16 16116611 109,16.
193, 13. 904, 11. 963, 7. 979, 9. 973,

. 19. 976, 9. 980, 14

1611666166 160,11. 963, 3 16116611-
1661 963, 3 scriptura, 98, 7. 961, 9
1611666616 103, 18 1611666111 30,
14. 110, 91. 139, 97,

1611661661 177, 911

sculpentur 13,18 (sculpendum 37,
19) 11. scalpo

1661666111 67, 7

1666616 963, 99 (16666166 967,10)
1666616166*968,9 16666111163,93

16116616 16666 91,13

1666161661 136,7

1166616666 190,3.934,16.90. 936,
16. 16 1661166936 3 16666111 44 96
16666661 163, 4 1666666 964, 90
16666 968,10

16616611 61, 9 secretam 160, 17 16-
616616 166, 93 16616661918,0

sectilia 163, 91. 93

sectionibus 37, 94

16666 = 1666 1666161111 *9688

1666611166 adv. 113,19 - 6666.
61666ῃ661666
6666666666
09, 10. 96, 10. 98, 90. 119, 19. 18.
136, 7. 169, 7. 169, 96. 911, 3. 990,
3. 948, 9. 966, 11. 14. 967, 16

secundus 16666116 81, 3. 38, 3. 996, 6
secundum 37,13.111, 16. 113, 19
16666111 964, 9. 906, 99 1666611616

19.13..1416.1909,9..’..,6161610

-91.94...11,..68*19,9014,.1017

11,16666616616
6666666666
6,66ΜΜΜῌ661
6,6η666616166

36, 3. 3. 90. 99. 37, 799. 94. 31. 38, -

6666666666
66611666166
6,666666166
6,1166666661
666ωωωωωω1
66.666166616
6666Μ666661
6.6Νω66ω66ω.6.
6Μ6666666Μ16
66161666661
61.ΜΜΗΜ6166.
6Μ6,Μ6,66ΜΜ6,
1Μ666661Μω
6616161666
61666ῃω666,
6.6Μ66ῌΜ66
1111161161.11666111.
6616161616166.
mawmssmflmmffi
mmmmmmmamm
anmamfflaffiffima
1611666ω16616
ΜΗ66666Μ6
6ῌΜ6Μ66616
161Η1Μ66ω66.
6ωω6ωω6ωω6
1.66661666666
1Μ61ω66616
6166666ῌΜ6
666ῌ6Μ6Μω6
161661616616.
6666666666
mmwwmmmmm
11. 61. 161, 1. 1. 10. 111, 1ο. 116, 1.
6666166666
217,14.22.218,3.223.6.23.23⁴, ⁴
6mmmmwmmmm
zwfflmffimmmma
mammmmmmmm
mmffimffmmmffist
mammamfflmw

 

