- 128 ·- .
uacuum 114,12 V . uastitatem 8885

, 1101101 885,4 uadens 11810110, 0001110 75,6 uastum 105,10 00010

16.210,2 008801010138,8 1485
uagarentur 8884 uagabiturl22, 10 uasto 11001011οη1 50,16
uagari 100, 18 uagandi 108, 85 uberiores 10011
, 1103011110 87, 8. 858, 81 uagantes ubi 1818. 885. 88, 18. 10 bis. 8081.
mmwmwwmmfflm 0800001Μο8-
0000 , mmmmmwmmffim
001001 11,11.110,10 001001 0,11 111,11.110,10.100,11.101,10.
,οωΜῳωωωῌο ωωωο00οω
“ luerint 166,6 001000010011. 1111000010101011.11111. ·
855,8 ualentibus 24 9- 8088 885, 8. 4. < 11.) 181011. 847, 6.
· < ualetudo 0110 ’001000101000110 100,10.11ο,1.110,11
ualidam 108, 11 ualidos 108, 88. udo *108, 10
008 '1wmmm6
1101100808 15 uallibus 208,21. 8087 1100110110 14814
, uallo uallatum 0000 1887 · 000111ςο1807 ,0 uectigalia 106, 7.

. . 001000110110010000010011, 110, 10 uectigalibus 16,21.‘62,6.
, , 0. 01, 10. 0811. 101,0 ualuas 10111111, 10

*110, 12. 116, 20. 11010 000110 101, 10. 101, 11. 10011. 103,
1101110100 08, 81 11010010 00, 8. 1488 8. 7. 18. 16 nectes 846, 16. 81. 858,
uanae 5815 - 81. 868, 17. 876,6 uectium 845,
uapor 48, 16. 84. 180, 18. 810, 11 16.,858, 1080884 110010088818

uaporis 11, 16. 10, 11. 110, 10. 110, uectibus 0, 6. 111, 1010010100,
· 28.211,6 uaporem 18818180, 1181810141,1110811088.

0101, 10Ι uapore 10,10.110,10. 10810. 11111. 16

186, 0. 177,10. 180, 16. 108, 18 uectura} 85818 1100111100 85811

11000100 48, 5- 185, 1181, 10 uehemens 188, 8. 800, 81. 888, 80 -

uaporibus 16, 81 ’ 884, 7 uehementem 21, 6. 888,-10.
uarietas 808, 88 uarietatis *810,10 66,11 uehemens 241‚2 uehementi

uarietatem 111,10.116,10.*280,10 41, 80. 198, 88. 126, 2. 837, 17. 841,

uarietate 66, 6. 86,23. 102,10. 211, 6. 261, 20. 266, 16. 66, 16. 66, 6.

26 uarietates 804, 1. 236, 2. 6,11. 868, ,81 0001011111)ηο 61¹6 *8787
“ 87, 8. 184, 22. 178, 8. 108, 8. 8880 -1101101110011010111 86811 110110-
110110101111110 8, 16. 87, 88. 48, 22. mentior6 264, 8. *868, 84 110110.
, 44, 15. 178, 10104, 13. 8688 1000110100 8780 uehementioribus

11011110 174, 4 uario 1788884818 86, 88 uehementissima 211, 12 -

uarii 804, 8 , uariae 868, 10 110110 uehementer 13, 181081. 106, 88.
- 1100 uarias 0, 11. 66,11. 166, 0. 111, 16. 266,16 uehementius 226,

166,21.162,6 0101011011 uariis 0101, 11

817. 7,17. 8,1. 5886. 87, 87. 88, 0011010001ὶο 48, 85 0010010011οω 88,

0. 188, 18. 855, 85. 860, 14- uarie 84, 40, 85. 187, 84. 181, 8. 268,16
, 1588 0011010001ἰο 48,10.48,7.44,18.
· Varro 160,2 1000001010 var· 10110011. 1011. 1001110010
rone218,1 , ueho 1101010111*850,11
, 0010000100 87810 701001010818
000 101, 6. 0. 100, 0. 101111. 241,6. uel 10,1. 41,1. 1011. 100, 10. 266,

166,16. 162, 26. 166, 12. 266, 1. 6. 11. 100, 0. 11

216, 0. *111,0. 1010. 80011 uase 101100 *1001

177,17.170,8.800,1811000811. uellus 187,10 ‚
. 114, 6. 116, 22. 266, 10110810. uelum uela 101, 0. *10. 16 uelorum

10810(0000011010111110) 2466 ’

11000187,5.818,*7.18.16 11000- 0011118185 ueluti 00, 7. 222, 22

rum116,4.210,16 1100101788 00110176,18177,5 0000017810
11000110 1888 , ’ uena 58, 84 uenae 61, 15. 186, 6.

uastatio 161,26 800,1.6. 811,*7 010 0000101118,

 

