-g4..

444, 40. 464, 0. 400, 10 11111111-1111111111111*416,10
111114014- 111011111111111111 nimium 119, 4. 211, 1. (416, 10)
134, 4-11111111111 89 8. 104, 40 nisi 1111111111 montione 14, 4 00, 44.
108,10. 18011. 410, 11 08, 0. 404. 08,4. 104, 11, 100 ,40,
1111111111111. oo, 11 1111111,1111.111,11.”111,11.11111111,
· 1811010.118,48.108,10.400,10.10044.181,10.100,10.414,
> 10.11.408,10.410,18 111118, 40 18. 440, 14. 448, 40. 401, 10. 408,
1111411, 44. 440, 24 1141401, 10 40. 249,2- nisi si 100, 48. 108,
111111140014 uidetur 446, 44 18101, 10--11111 1111111111. 31,
habeant 00, 48 habui 480, 4 12. 40, 12. 08, 8. 100, 18. 110, 40.
necessitas 44, 8. 108140. 110, 4. 100, 184, 14. 400, 44 o. 1111111111. 144,
, , 1.111,11.11ο,1.111,1 1111111-11.111,1.11ο,·11 1111111111.
tatem 10, 44. 004. 400, 41. 4000 03,4.100,18.440,16.18 411111.
’ 111111111011’1410100011111,ΙΙ.1,11.11.1,1.1,.1111,1ο.
180, 40. 418, 21. 41. 441, 0. 440, 11. 18. 04, 10. 00, 1 11,1. 108, 24. 444,
440011144111111411001.108,40. 41.11041.184,0-100,4.400,10
1’8,0 4. 186, 1. 404, 10 1111111110-1011031110111*440,10
bus 144, 9. 180, 14 nitiso nitentia 149, 4. 444 4
11111 1111111483,40 necantur 404 nitidos 148, 0 1100114004-11111-
neoatum esse 100, 41 1111111 148, 9
nefas 111 04,4 nititur 4400 nituntur 18, 8. 1604,
1111111148, 0 1131111004448011.410,44111111111111111,0111114008
484,1 iiegauerunt 80, 40 negan- 1111111111140, 4. 189, 0 iiisus*989, 10
duni est 111, 44 - nitorem 244, 11
1131010111101,40.404,1 nogotia» nitrosum 104, 3
“ toribus 104,8 nitrum nitri 180, 48
negotior 1130011101 101, 8 niues 188, ‘³
negotium negotiis 100, 40 nobilem 481, 0 nobili 60 4 444 0
Nemea pt. 414,6 · nobiles 44, 22. 149, 40 nobilib'us
111111οο, 40. 0, 40. 10, 10. 01, 8. 0010 00, 14. 414, 0. 00, 10811 411041.
00 4 134 0 10011. 194, 10100,140441101111111111110010111111-
14. 410 40 litei 8,6. 10044 -
Nemori 011111 111,11- nemo nobilitatem o,2’ 92, 22. 11, 11 111,
ribus 99,14 “ 40 nobilitates 41110 ι
111111110110048 1111111143, 11 1111101601 1111111-
Neptunius 199,2 ¹ 4111· *40, 44 nocere 41, 24. 22, 11.
neque u. neo · 4010104,11404010010101,
'nomicos 19412 ’ 19. 411, 10 nooeri49, 14 nocens
neruo 4, 0. 400, 4. 4101 11111111,84 410,0 1414111148,11.08,11-
11. 4000 neruorum 199 41 1111·- 108, 41 nocentium 191,9

. uos¹ 194, 10 noctu 189, 9. 483, 4. 44

Nexaris 100, 41 nodationis 44, 14
11,,111114 1101111 1111111(111.)*114,1111111401,13 1111111100,10.100,41
41. 4044 <11111111111113041> noluerit 41, 10 noluerunt 49, 41
ni *100, 8. *100, 41. (440, 4.) Nomadum *1004 -
nidos 341 . 111111111013 nominis 48, 1.104,1
11131144, 44 nigra 40 4 61, 0 nigri 1011114006 1101111111(00,44.)04,
Ι 111111111111110 1111111111 11111111111.111,11111,11.
niiiilg4ig ,10614340 110, 18.100,4.44151031003116448484041οη1ἰοοῗ
, 100040.100,18.440,14.404,.0 19. 208, 1 nominibus 110, 44
410, 14 nihilo 221, 9 1111111101111184,11.101410041
nihiloiniims 114, 3. 110, 14. 441, 0. nominationum 141,14 nomina-
228, 24. 400, 14 tionibus 88,19
11111111111111111,11.111,11111111 nomino nominant 111,14.141,19.
94,11 4404 111111111110144 noniina·

 

