- 64 - ,
. indignarentur 157, 7 indignandum 1515574,17.15,78,17.81,4115556,

54, 5 indignnnn 157, 77 indignen-
tei 51, 8 indignutrie 715,17

’15555,5.5 .

, indo inditur 757, 5. 770, 17 15-

055555 *745, 9, *7,77 7 indatur

“ *747, 10

150005058415150005155414185, 75
.- inducunt 155, 17 inducat 175, 1 in·

' duxit 178, 71 inducitur 171,15, 18
’1ωωωω5ω5551

,ἐ inducatur 152'18 105, 15. 18. 104,
70.155,5.155,15,107,71,158,4.

155, 75. (185, 10. 747 ,10.) 255, 5
1505005551 154, 9 110500155551
· ’ ,. 747, 70 inducetur 180, 71 indu-
»05515555 178,15 15550515555
· 158,1015(15051ι515515168,75 15-

,1150511 155115 155, 19 inducti fue
. . rint 188, 15 inductus 775,5 in-
ducto 54,15, 58,17. 155, 25154,
71.158,7, 155, 70 11105050 105, 5
170, 75 1505551155, 8. 745,5 111·Ι
· ductis 158,18.15.158‚8 15115055-
mamb ,

,inductiones 745,9

(151150 induuntur 745, 5. 777 ,9)

5555555555
57, 74. 100 7 1511151*155,50,155,
84. 754, 18 11517519 11555159,
74. 80, 11. 87, 5. *55 24 774,1 1151
58, 7. 115, 77. 704, 15 imo 87, 15.
185,5 151515109,9,745,17.19
111101118714. 175, 71. *88818 748,
75. 745, 8. 775, 5 imum 85,15.
ωωωωωφωωι

1551555ῳ5ῌ55
,5.Μ5ωωωωω5

77 imorum 110,7 imarum 85,1 ’
imis 88,5 15105118,5,748,5,749,5
mmmmmfflmmmm,
ummffimmfflcwffln-
mmmmmwmnnw
708, 17, 748, 5. 245, 4. 5. 755, 75.
76718 - 15 151515 755, 8. 779, 17

-5ω5555555
5.555555555ω5
*1777514515170,5.70.157,
14. 740, 11. 74. 745, 5. 245, 8. 25.
755,11.771,17.774,1,.5 778, 75
- 511 1510 *845 5. *754, 70- 50
1150 47 24. 4418 55,.5 101,.4 115,
5.155,14 155, 18. 758, 15. 255, 75

1 Indue 150,18

· 'm‚5

, , 1111011117 155, 8

- ab 5515 171, 17

industria 55, 77. 55, 74 industriae 15151555 50, 75 1115155555 57,1
17, 5 1501155555 175 7 industria infestum 888 4

’ 5,5. 55, 7. 15. 115,,5, 704, 22. 255, 1111101555 182, 77 (inficitnr1818st1)

m5,5mfflm5,mn,nf mmm'nwnwnm,n

.⁴ infigc infixit 855, 7, *16

1115011115*771,15.777,17 15115 194, infinit 5515, 1 5111515515 57 75, 55, 71Ἰ

5. *158, 14. 776, 75. 777, 1 11110·15115150155,10704,5 51115155. 57

, 15115 255,5 11115115 7775 111115 15. 157, 21. (155, 5.)215,5 1511111-

’· 255,12.558, 18 5551558 15115150Ιὸ5,4.157,17

15015155 175, 10 1555155545,17.557715771158,
11.185,1,717,15 242, 70, *255, 15
infans 52,5 infiniti} 55, 25. 45, 21. 105, 77 ,
,1515051511 cinq. 187, 78 pl. cp. 808, 7 151151551775
1515110077, 15. 78, 7. 176, *5, 18. 179, ιιι1111555111111155 1578 infirmae 54 8
15. 155, 75. 170, 5. *255, 1 11110110· infirmis 155, 17
’ 115118,15,185,1,746,11,748,1,1555510515750, 1 15055105515198,
858, 74 151511011 78, 7198, 15 in· 11. 705, 18 1511551055 194, 11 in·
15115155 774, 79 745, 18. 848, 7 5551051555193,13 .
inferius *881, 1 inferiore 18815. inflc inflando 184,10.855,8 inflati
.’ ’760111510110155177,4)107,18 188,·1 ’

- 105,15.100,4.118,*7.17.*715,5 influit 155, 7. 740, 21. 252, 25 111-
inferiora '15,15. 155,15 inferio· fluunt 15,1 1551155175,17.740,15
11115105 25.114,15.14522152‚5 influens 125, 18. 184, 5. *151, l.
mmmm,5.m,5m memmmmc
nores 105 5. 7554151011015 778 1111ιο 'acc 90, 5. 759, 18- 0. acc.
11 inferioribile 152, 70. 715, 14. 55, 12. 55, 11. 105 75 *171, 14 750

“ 774, 16- 11151555 7487 ’1115510511
15515*711,15 1555155188,4-1511505515159,19 infracti 135,15

 

