-101-

666666666616616
661666ω166ω,
20. 124,13.143,17. 144,16. 146,23.
6666666ωω6
1ω66ω6666ω

{mfflmmmmmmmm
16, 11 praeterierunt 262,1 11166-
16111621,26. 26413 praetereundo
268,13 1666166666 87, 3. 226, 4.
226,6 1116616166616606, 13 11166-
teritorum 48, 26

11661616111661 62,13. 261, 3. 272,2
praetermisi *236,7 praetermise-
11161 166, 10 praetermittendum
(66161114 661 128, 23

praeterquam quod 146, 8. 267, 12.

1116616166 243,18

pransitare *199„11

(pravis 18320)

Praxiteles 169,17

111616 147,18 prela 211, 17. 266, 26
prelorum 24616 1116116 147,17

11166111 266,6 1116611161 266,1. 16
111611161·61237,17 1116611116· 134,17.
147,13. 178, 6. 264, 11 premuntur
134, 26 pressa 66122616 1116-

mere 163, 26. 177,10 16616666Ι

23,1 1661666166 162, 22 pressus
wmmamzmmffiw
1116666111 263,2 pressi 162, 21
pressae 4,18

pressione 262, 26. 263, 3. 8. 16. 264,
16 pressiones 263, 14 11166616-
nibus 263,6. 264, 3. 260, 8. 14.
mm

pretiosa 176,11

16611616 16116 48, 26

166ψωω6ωμ66
mmm · ,

prius 6116. 33, 4. 64, 22. 216, 0.
amn

primus 11,11.16,16.11.166,6. .
Μ666ωη6666
666ω6666ω166
Μμ6ωηωωω6ω,
1mmnmammnma.
64, 26 primum 167, 6. 4 1111-
mam 110, 5.·117, 13. 120, 22. 226,
6 primo 61,16.’ 166, 16. 1461.
661666666.

61666Μ6666666

1
26. (170, 3). 268,11. 16 primae
Qmwmfflmnmmm
11 primos 31,10 11111666 227,12
mmmmwmmmmm,
20)- 1611111616 168,2 · 2
primo adv. 2, 6. 18, 26. 36, 2.
6666666ῌ61
666Μ6Μ1ψ6
611161 adv. 1, 16. 3, 22. 12,10. 13,
6666666666
166666ῌ6666
61616666666
6661666666
mwmmmmammss
mnwwmwwwmffi
umamssmmamms
1Qmm4mmwmmm
6166666616666
ΜΜ66666ῌΜ6
666666666666
166666ω6661

Μω6ω6ῌω666
(1666111616166

priscorum 6111161. 167,7
1111611666 41, 21 pristinum 171113

Ρ1161166 8, 4. 169,3 Prienen *86,7 pristinam 64,26.201,6

1111166 primum 11. 111161
1166616166 61, 23
principatum 9,1

pmmmmwmmmm

4mm

priuatus priuata 111. 30, 7. 67,19.

11116611111184, 14 111166111166137,16. 146,2 priuatarum 164, 26 1111-

183, 14 principia 16, 27. 17,10.
fflnmwmmpmm-
111111 37, 7. 9. 56,2. 13. 62, 5. 184,
16 11116611116.6,26. 17, 23. 162, 14,

66161616 2,11. 16, 8. 116, 24. 131,
10134,Ῑο 162,.16 priuatis 154,
26 242, 17 priuatas 49, 4. 267, 16
priuatis 33, 2. 103, 26. 146, 7

181,2 1166611616 17, 6. 14. 18, 7. 11116611111161166161190,2 1111116111

6666666666

1116111 204, 18

11. 88, 8. 168,14. 216, 23. 237, 22. prinsquam 41, 26. 108,11

ΜΛ
16161616 11276, 20

prinus 11111116 *103, 20
161616166661116

1661 116,16.166,6 16616 111,1. 6.46,16.66,1,66,4.16,16.16,1

26610 priores 126, 16 - 160,
20. 230, 18. 60, 20 prioribus

12Q4ffinzfflrwstwa

flm4mwmufflw4stm4

 

