...48-

, 242, 23 explicabo 54 9. 88, 11. 98. 49, 18. 30, 10 173,2. 249, 27. 277,
134,11.138,24.183,11.203,17.1921222112222212429212211211-
218,18230,13 212112211112112 *144 dum soil esse Ι1162, 9 exponenda

’ ’12 explicouit 27316 2121122112-13310 expositis 3116

. runt 103, 3. 217, *1. 3 2 112111 2122112212*230,1
04, 22 148, 27. 230, 2 2441121111 expressionis 20318 expressiones
. 231, 23. 273, 2. 2121122114) 111 213 93, 23. 109 13 209 20 237 23 ex·
. 23. 914,3 explicantur4, 3. 73, pressionibus 3, 94. 999, 7. 237, 21.
4 explicetur 139, 29 explicen- 244, 4 200, 20
tur 93, 9. 103, 19102, 10. 114,17. expressus 21 *2031
123,· 13 2121122121111231, 14 ex· exprimit 9397 93,1. 21918 23010
plitiabitur 72, 2 explicisbnntnr ,exprimunirsa 8 expriment 1389
122, 23 2 120221222133,1.214,4 expresserat 937, 19 exprimitirr
sit 913,13 2111111231 fuerint 13,14 exprrmuntur 391. 133,11
211,3 emnt144,8 explicatum exprimatur 208, 20 exprimentur
2212210 21123320 explicando 244,32121111121111111319212122-
est30,3 2211111313 erunt 14 21 sum est 959, 22 expressnorit 187,
21211221121112211232416314 11 exprimere 94,1 exprimendo
280,14 erit 993, 95 explicandae 191,15 expressum esse 9515. 213,
sunt 102, 22. 2837 2121122122,10 exprimentes 1,79 13.1,89 22
24. 28, 14. 31, 3. 33, 8, 44, 10. 59 20 expressi 80, 30 212122222109,0
83,]8.94,13.110,18 127, 2. 132, exquisite fueiint 937, 7 exquisita
7.'177, 1.232,12.24,3 23. 240, 9. 230,13 exquisitus 142, 7
, 28313 212112211222273, 17 ex· exsanguinata 12313
plicandam 913, 9 2120221238 2122212211. excalpo
explicatum 11, 3. 41, 3 explicite exsiccescat 55 7
171,11 2121121111 1331 2121122- 2121222 exsiccant 40, 27

’ ’ 22121211222112212122121121222

173, 23. 232, 17. 233 2 2112114212 (212212222121,12)
1832 21 209 14 284 232 li· exsucata 18413
eatis 102, 23. 107, 10. 247, 4 ¹9⁸· exsugantur 123, 29 extricta fuerit
202112211310) *432 exsugere 43,3 exng endo
exploratum 95,13 (212) 12, 22 exsugensio 193, 91 ex-
expolio expolitur 180,3 expolietur 2112121438 exsuctae 31, 22 ex·
95, 19 expolitus 178 23 expolitam suetas 137, 22 ’
178 21 expoliti 4919 · . exsuperat 1714
expolitionem 178, 24 expolitionem exsurgens 49:18
139,15 expolitionibus 172, 7. *133 extantia cnosi. 971, 7
113919.178,14 extendunt948, 13 extenditur 948 ,22
exponimus 91, 11 exponam 33,13. 211221221213 9. 223, 9. 272, 13
32, 12. *31, 4. (34, 30.) 90, 19. 109, 2112112112 2111 248, 2 2111211222 1112-
23.14829133,2.132,1313328. 1111182, 14 21122122121104,0
180,3. 915, 9. 2231. 995, 20. 933, extento fixerit 109, 10 21121111
9951, 20. 232, 13. 233, 95. 2333. *272, 12 extentis 979, 13 ,
26311. 273, 241 experiemus 131, extentionem 138, 24 extentionibus
90. 176, 3 exposnr 54 3. 30, 24. 02, 223, 4
7. 3413 23229311221212.212112112221 2112222121124, 19.
, 104, 23. 133, 20 131, 18 134, 2.7. 241, 13 extenuentur 94 28 exte·
173, 14. 224, 20. 931, 19. 243, 21. 11112122 2111111932 2112112211 147
959, 10. 271, 95. 975, 19 exposuit 3911, 99 exteniretus 193, 17 ex-
933,13 exposuissem 99,3 expo- 1211221133, 28 169, 17 extenuatos
suissent 51,19 exponetur *62, 11 *190 4 ,
212220212221131, 23. 134, 10 21-2112121121123423-211211219411
222111 sunt 20, 27 expositae sunt exterioris979, 20 exteriori 22, 29
142, 17. 18311 expositu sunt 28, exteriorem 21, 7 exteriore 99, 95.
12 exponere 31, 3. 30, 24. 37, 99 948, 3. 10. 249, 3. (9) exteriores 78

 

