442..

idua.)re.2ra,22.24.220,*1.11.
22. 221, 7. 15. 17. 224, 24. 227, 22.
232, 4. 5. 7. 11. 17. 233, 1. 234, 4.
236, 1. 13. 237, l. 2. 4. 20. 24. 25.
238, 1. 17. 21. 23. 25. 239, 6 1113. 10.
*44. 4244240444. 42444. 242,
44.·242, 22. 244, 42. 242, 2. 242, 4.
4.*2.224,2.22.222,4.222,42210,
. 4. 44. 222, 42. 220, 20. 400, 4120.
204, 4. u. 11. 21. 282, 1.11.15. 202,
·. 4.22420.(202,42.)202,(2)44.244,
2. 2. 240, 22. 240, 2022, 244044.
22. 242, 4. 40. 240, e. 2. 4042220,
Ἧ22ῌΜο
ex eo 22, 42. 24, 4. 2420 - 20,
rmammfflnnm,a
138, 12. 204, 2. 223, 18. 25. 222, 1.
224, 14. 225, 3. 227, 20 264, 18
(2142446 sort. 0’8 ,24)
eblandiatur ⁴¹84, 5 oblandiuntur 260,
18 eblandiretur 174,6
ἐκκλησιαστήριον Ι1173, 25
’ rixetur (221422) 3 13 ἠχείοις *110, 13
1221422 *114 20. *116 ,20 2211214

· echinus 31, 24 echino 130,5

ἐκφοράν 77, 0- ecphorae 81, 22.
2663631146 212, 24 23240444 1,Ιο
ederent 107,0 edidit 100,1 edi·

35,7.14. 110,1. 111,2. 135,3. 137,
18.144,17.25. 175,’6. 184,’24. 105,
15.108,4.213,10224,111.230,18.
240, 3. 241, 161255, 101262, 10. 265,
23 ’2162144146 8, 21. 24, 0. 35, 6. 12.
14.42,.,.547466,17.34,.26.102,
2.6.113,10.110,18. 136, 8. 181,
40. 422, ’20. 404, ’12. 402, ’44. 242,
42. 244, 42 efficiat 404, 44. 444,
15.238,13 efficiebat 274 21 216-

’ 0126244134, 10 270, 0 2162126 41,

12. 74, 2. 121, 24. 130, 8. 180, 22.
2641317 efficient 10, 6. 24μο
06, 26. 103, 20. 211, 20 2112246 *001
216216 6144 12, 10. 44', 0. 54, 20 06, 13.
63, 2. 66, 6. 18. 66, 6. 68, 16. Ι1146,
l ’,178 13. 481212. 10615. 206,
10. 221, 2 224, ’12 061216262410,
12. 38, ’14. 01, ’10. 130,28.178,111
181, 11 200, ’27. 243, ’24. 264, 23
efficiatur 76, 0. 140 4 180, 23. 207,

4216212212117,2.’,’1107 216212-
62604 68, 8 efficiebantur 34,14
21602420604 08, 23. 108, 6 216612-
tur14,4. 91, 8. 126, 7. 147,.,7200 14

,26206414 221’67,17’ 262662 0441441

244, 3 efficere 2 26. 3, 12. 18. 6,
40. 22, 20. 04, 44. 442, 2420, e. 42.
184, 5. 420, 4. 202, 20. 222, 42
effectae 124, 28 ’

dissent 162, 8 edere⁴ 1, 8. 160, 0 21602162167 0160242210,23 effluens

edin> 24, 24 edna 422, 4. 4004
editis 54,15.133,10

55,'e

26421412 ⁴¹80, 21

educit 81, 23. 253, 13 educunt 35, 1. effugiunt 210, 20 ·
3 2644411601, 16. 107, 12 2414404144· 26’446414444610’1,0 (0626111046 181,

. tur 1433 educetur ’,16026 04144-
26146614
educa 06142261 essent 133, 20

2620641448, 20 ’26206144 pl. 002.
13234135337338313
4024114022.4422244224,
400, 2. 2422. 22440. 222224,
222, 0. 24244. 40. 242, 44. 222, 22.
220, 42. 24424. 22240

efferunt 5418 262426 267,2 244644-
lerunt 85, 26 extulissent 155, 20
, extulerint 206, 24. 207, 4 4412641046

· 121, 0 26244224016 2144621080

12 ’12126 ⁸258, 22³ 212622 *217, ’21

20) ’2624411624 171, 21 2644441246
’2661106622 130, 20 ’
2112264420, 11. 11, 19. 21. 41120. 210, egentes 358 ’

1. 236, ’5 9241. 0, 7. 12, 61268, 20 ego 132, 21. 133, 6. 161, 14. 168, 8..

203, 1’1. 204, 6’ 11411412, 6. 28, ’13.
31, 1. 32, 22. 88, 6. 102, 12 104’, 17.

121, 1. 41212. 133, 12⁹ 140, 4. 170,

21. 183, 6. 243, 13. 272, 10. 270, 20.
277, 18. 280, κ me 11, 0. 36, 21.
132, 23. 28. 108,10. 204,8 - 4442-
244444 3210-4404 31, 11. 151, 3.
12. 1081 13. 174, 20 62217416.
203,16’4401414 1¹,24 20. 106, 7. ’222,
10. ’12. 16. 224, 21. 233,.7 ’236, 11
0141. 26, 27. 28, ’12. 101, 20

2624220 06244426136,14 2112402446 egreditur 1020 ’,106 21. 228, 1 egre-

44,1

· 2624122216102, 4 26242222226102, 18

efficit 16, 23 ’,17 15. 24, 20. 38, ’.12
42,.7 17. 23. 43, 12. 46,12. 56124.

(14244644418911. 1331 egrediatur
121,17 egressi ’244446 188, 20
egressa 411 106, 7 egredi 203, 28.
(28217) egrediens 107, 17. 44 6

 

