..106-

7 135, 21. 137,.3 138, 22. 168, 16.

’ 184, 6. 204,4. 11 (1((111111160136,

166666

5354m,1755
(1161111216102068 quanto

242, 8

quam 8, 7. 17,17. 10, 21. 21, 5. 18. quapropter 31, 0. 1906
44,12 55. 46, 23. 48, 20. 62,14. quare rel. 3, 8. 17, 7. 23,17. 41,13.

(666Μ666166
6666666666
6666ΜΗ6666

63,18. 73, 6. 80, 22. 151, 8. 175,1.
ἓξὲξ-1116106668 200, 0.

98,Ῑο102,]9.106,16.17.27<013> (111011168,8.111,23,127,7.141,14.

106, 4. 7 109, 4. 13. 117, 9. 118,17.
122, 18. 123, 22. 127, 16. 123, 28.
155555555'5
23. 142,21. 146,*17. 20. 162,1.
66ω6666666,
5555555555
555555mm55
555m55555
288,8 duplex quam 127, 21 su·
per quam *180 21 aequequamssl,

242,12. 14 quartum 112, 14 quar-
106 66, 15. 19. 20. 71, 24. 72, 10.
77, 14. 266, 20 (1110112111 113, 21.
6,86666666,
1. 226, 10, 00, 27. 104, 22 quarta
77, 5. 81, 9. 10 94, 15. 98,.9 90,
23.106,16.106,6.118,13.16.20.
111, 8. 142, 18 143, 23. *270, 4.
271Ξ2 pl. 114, 24 (1161111115,

102, 14. 04, 27 dissimili modo (161616113064
quam 145, 23 proquam 153, 16 quaternae 102, 26 quatemum 263,

’ ‚postea quam 68, 0. 84, 24 a’nte

quam 7, 7. 166,16 'quam anie

14. 264, 26 quaternos *107, 16.
147, 12. 20 quaternas 60, 23

superb 21, 6. 22. 22, 21. 75,13 76, (1111111101 20 22. 24, 25. 26, 11. 34, 31.

1. 80, 0. 35, 21. 96, 0. 102, 28. 106,
24. 108, 15. 110, 20. 124, 4. 15. 125,
1. 126,1. 120, 27. 130, 1525. 146,
21. 164, 26. 167, 16. 206, 1. 208,18.
555m-5wm55.
260, 18 - oppido quam u. oppido
quam = wie 22, 6. 78, 16. 70, 6.

555585555’5
5555.5m5554
555w8.m,5.15‚5
5,5.15,55m.15‚5
m‚55w.5wmu,ma
5555555555
5555555555

23. (11,14. 94,1. 106,2.3.116,27. quo l,4. 6. 6. 8. 12. 2, 6. 3, 24. 4, 4.

126, 21. 130, 5. 142, 21. 213, 21. 30.
215, 3. 2283, 11. 267, 22. 268,3
quamprimum 31, 12
meMMM,M5,5
quando si quando 203, 7. 200,4
quantitas 11, 17 (1(61111101011180,22
quantitate 11,16.112,7 quanti·
tates 80, 26

quantus (12. quanta 81, 3. 87 0 11.
24. 97, 10. 12. 17. 100, ¹ ..8 23. 101,
11. 103,4.126,1.2 141,.7143,3. 163,
1317. 19. 216,7. 219, 25. ’,12604
6ηηωω666υ6
55555555551
48, 25 quantum 214,17 quan·
6666666666-
16666ψ66366
quanm 122, 14 quanto 34, 27.
210, 8. 14 (1161116 204,17 -
5555 quantuni 21, 0. 82, 24 126,
11.143,7.149,.9 216, 22. 270, 16
quanti 40, 2 quantum 35, 10. 62,
3 788 81, 23. 88, 25. 170, 5. 217,
2. 220, 28. 230, 1624216. 268, 17.

116216661116661
66ω6ω66663
6666666666
66616666666,
6666666666
55m555mm5
66ΜΜ666666
636666663666
6,6666666666
6666666666
6,666666ω66
55555555555.
66666166666
6666666666
5, 5. 6 5, 6. 8. 6 524. 416
116266616616
6666666666
6661666661
8666666666
6666166666
6 2. 5. 5. 64, 6611. 116
5.555555m5ffl5
555455554555.
6616666666.

 

