-106-.·-
(90,6)-*001889,13-*110οι0 11010 166, 81 (10011οι0 83, 16 88,
66, 14. 243, 8 * quum 118, 6 *(8,1 88 quad461114 222, 8. 864, 8,4 quo·
18 814 ,7),- *quod 2149 *quo 6100481618 quaedam 868, 81
830,1*(1008,81.44,18,70,80, (1016006011149,11-176,18,
94,8.119,6.139,29.193,14.4199, (111111011186,8.68,80,108,8.,1,10 17.

⁴ 194 801, 1, 874, 16,. 876, 81,. 880, 83, *188, 18. 888, 414 116·- (1111110111
*1100848.174,4.186,,18,88.8,08, 44,14133,29.42,‘81 80 1100- qui-
11 876, ,81- 8110111134 *quau dein (44, ,.1) 164,6
181, 224. 87, 4. 164,6. 1492, 19. 40, (1111111101 810,3 (1110111101804,18
88.,817,18.,866,.8,ς181871117, 14 (1111111, 16. 418, 18. 124, 1 139, 84
111,’(1.> 11,11)’-111ο110110,110,0
13, ,(66, 161* quarum 46 16. 108, quinariae 808 6

· 14.161,3. 8381486816 *1100111 010110οιιο 74 11. 80, 10
37, 18. 167, 8. 2438, 13 11101100 819 quindenum (0,. domnii) *146, 88

, 22. (148, 16)- 1111011864, 9 cuius quingenti 29, 6
161, 6 01100830, 1 0011101146, 13 110101110100069,88 (101001010616.

qui 1111011011. (101 uestrum 1494, 86616 1110οι1011100001808,3 qui·

· 16- (100ιο 31,8, 36, 88 quain 0011110000 74,9

’ 183,7 111ιο 83,3. 37, 32. 183,9, (11110110011000110. 808, 9 quinqua·
804, 86. 816, 18. 269, 18 (1οο 96, genanae 808,8
16, ,11,6 17.,- 186, 87 (1οι 64 86 quinquagenum 213 28 814,1
166, 6 quae 68,,18. 83, 10. 84, quinquagesima 94,46
166,,18. 843, 88 (1000 8688 11000 quinquaginta 29,3 ,74 80, 111, 14.
88, ,6. 23. 87,, 88. 64, 19. 23. 88, 23. 208,8
156,14.17.1,86,4.1,86,18,811,88. (1010116088,6.67,8,16.70,18,74,11.
298, 23 quibu46 293, ,,11 283,213.92,9.99,42 98, 8. 118, 11 117,
3123323318 26391344 1118122,428. 14116. 141,218.
16. 64, 3. 7. 08, 4. 34, 19. 87, 83, 194 142, 1. 133, 14. 134, 18, 189, 41. 211,
86,18., 118, 86.,86. 188, 23. 1344, 13 18. 4214, 18,, 213, 2. 233, 13. 846, 2.
6484. 140,Βῖ 144,18. 143, 9. 146, 414. 234, 19
134, 3. ,166, 194. 132, 142. 139, 23. quinquennium 39, 84
183, 3. 19, 1486, 18 810, 30. 818, 1, quintarium 07, 816
81817884 1886916610 8664 (10101010113,,16 (10100001101,6,
296,18.299,19.34,23.134,9239,113,22.1148,22.294,1 quintini
3238, 18 *888, 8 quinto 221, 14. 134, 9.

qui 'indefi siqui 18, 1. 38, 8, 36, 888, 84 quintu 25, 23. 118, 14. 418.

80, 41, 11. 46,.8 47, 10, 48, 420. 81, 122, 18. 294,6 pl.116,1 quintis
12.113,1.4.191,124 198, ,88, 199, 113, 13. 26
14. 239, 2. 2636. 880, 10, nequi 0011111110,1.110,ι3
324- 168, 81 0111110888 119, (1010101006114831, 88. 176, 6 quid
4. 4133,1.3 1493,2. *294,194 quod4 30, 23 31,3 188,8, 164, 88, 133,
210 3 (11ιοιο 88, 7 quod 168,16 16116618.168,7,818,18,(1011111.1
1111111164,8-84,10, 188,16 quau 39, 18, 443, 16. 32, 11. 33, 1. 00, 24
43, 3. 93, 19. 94, 22 93,14.133,13. 6416. 183, 11. 131, 0 818, 11. 222,
188,13 (1118118,.8 1641, 4. 2140,1 144 24
11011100 183,8 quis indes. 9,14 quid 10, 9.

(11118 80, 29. 31, 22. 149, 1. *166,.8 11, 2. 148, 6. 193, 19. 184, 22. 9,46
*158, ,18. 840, ,80 quisnam 1111160001,131, 83

quicumque quaecumque (8, 6). 110,(1010110010 8, 17
11. 883,16 cuiuscumque 8, 21 quisque 888,, 18 0010100010000117.

, (1000001011οο 104,10 (10001011ιο- sui 86, 6, ,108, 81, 839, 2. *80, 16,
que 188, 20 quocumque 39, 80 83, 88, 18, 198, 16 cuique 76,9
quaecumque 144, 80 188, 7 (1000- quaque 16, 80 (10011001,16,66,13
cumque 880,18, (1016111100011100 (1110 61, 19. 181, 86. 148, 16. 178, ,17.
148,20-138,13.233,13 806, 18. 811, 81 1001,188,8. ,806,

(1014010861, 6. 2493, 4. 2840, 80 quen·12.4*229,.24,23413.*20.4286,16.4

 

