-59-

helepolis *282,15 helepolim *2⁸⁰2
23. *281, 4. 10. 282,· 21

iuno (helice) 22810 4448501511·
cen) 2284

(heliopolierir 551 heliopolim 281, 4.
mmmm

helix helices 82, 22 ·

Hellados 84, 25

Η5115555 *34, 13

hemicyclii 107, *5. *6. 120, *3. 235, 13
hemicy 511551 107, 13 235, 12. 236,
13 1151155351ιέ (235, 11> hemicy-

11588838886115151838288 5

3333313113313111331 33) hsseiiriegphaerium
233, 15 hemisphaerio 123, 22

5515115515111111, 23. 113, 5. 6.7 he·
milonio 111, 23. 112, 2 5515115515
111, 24 5551155515151116,5.111,
25.112,5 hemitonia 113, 83

hemitrigsyphi 33,17

5531535555] 5. 5355355515 Ι

Horae 55. 251, 23 ,

Heraclitus 37,16. 13814

herbum 13,13. 12 hcrbu 132, 23
herbis 137, 21 0

Herculio 43, 7. 71, 20 11515511 13, 3.

(5511115515555 plo 5155565555 231 ,12)

Hermodori (Hermodi) *33, 13

Hermogenes 72, 16. *78 3. 30, 23 ,

1507 Hermogenis 70,1

Herminius 204, 8

εὕρηκα 213, 2515

1151551151οο5 *25813

hexaphoris *254 22

11515533 155 31, 17 03, 12 hexastyli
rwmmmmvfflm

hibernaculorum 171, 13 1115515555-
mmmmm

hibcrnnu 23419 hibernum 2383
hiberni 55, 3 hibernae 2381
hibernum 144, 14. 233, 22 11155155
14, 7. 25, 11. 12. 125, 3 hiberna
141 14. 233, 4 1111151515 121, 3
bibemus 34,1.8 235, 20 1111151115
128,11.137,17.150,27 lnbernb
mmme

hic 535. Ι7230, 5. 281, 17

1115 prou. 3323. 143,4. 10 11555 2,
15855ψ588535,
8855285888
8585888Μ88
mmmwfflQmwe
mssmmmwmmmffi

15.133,13..203,22.210,3.213,1⁷.
8283883ΜΗ8
23.251,3.230,13. 2634 1155 23,
stQanQmmme
mnmmnmew

150, 21. 154, 21. 1388 182, 8185,

25.196, 18. 206, 12. 208, 18. 210,
33. 235, 20. 249, 18. 250, 20. 266, 12
115155 25, 22. 33, 20. ⁴¹5⁷, 1- 282
68, 12. 69, 6. 10. 26. 70, 10. 72, 2.,
14. 81, 17. 37, 23. 231, 28- 27, 5.

37, 3. 81, 18. 202, 13 huie 153, 9 ·

115115 34, 22 11555 3, 7. 11, 11. 07,
eQOmm’uQ'QQ.
n.memmnmem
ememmmmwmQ
anmMQanQm
m,QOQeQQO·
128, 23. 123, 23. 133, 22. 137, 14.

139, 19. 208 5. 280, 24 hoe abl.'
25, 14. 69, 5. 104, 28. 162, 11. 183,

6. 204, 12 hac 9, 7. 21, 23. 42, 12. .
59, 23. 115, 3. 115, 16. 24. 120, 14.
1wafflmfflmmm
88855553855.
93, 16. 101, 20. 102 26.181,10. .
184,10.185,11.108,26.211,17.
212,1 218,15. 243, 21. 230, 20.
284, 22 hi 10,14 50,14 53,13.
128, 24. 148 28. 166, 5. 6. 132, 28

’ .134, 7. 202, 6. 204, 7. 203, 11. 216,

mmmrwmnwmee'
55.85885,5.85.,
wmefflmmme
mummffi‚wme
23 11555 seru. 3, 17; 44, 18. 45, 16. ⁴
umnm mm1mmm
558852Μ5885.
5Μ55558,ωω.ω,5.

44, 25. 46,18.47,24.63,1.71,4. ι,

84818585585
88848588
888825ῌΜ8
5.18585528255
3.174,17.175,9.187,19 23.132,
8.1ΜΉ61Μ6Ὓ2Π510278
233,5. 243, 14. 255, 18. 238, 7. 278
25. 276, 22 1151551181 1151551
38, 2. 116, 8. 243, 13 1151515384
1w,21ffieffl,4w351313,
emman -8485582,
108, 27. 113, 5. 160, 5. 174, 20. 214,
21.283,10- 3,13.14,21.149,18
1155 131, 22 1155 133, 2. 200, 13.
155,5.545,55.575,ι hano 2‚o.
QQQeQmuannQ

 

