..72-

000001040,01.000,10.010,1ι.1081111081.10001*111,0
’777,73.778, 11. 78.*770, 1 latitu- le 11110 708 0 103111111810174,18
(11110038,18.108,78.117,74.177,10030080,1’4.88,17 ’
13. 140, 78. 147, 14. 148771011111· Lemno 17818 ·

1111111110 1417010111101100 *1017 leuia 74, 71 lenem 738, 70 leniter
1011111810111110 77, 70. 143,7 , 171, 3. 708, 70. 703, ’77. 740, 18.
1011001110 80, 18 748’, 14 .
10111071,13.117,4.170,3.713,71.1011111111088,8

714,18. 48, 11. 170, 70. 788, 70 101111ιο lentuli 18 10111110 88 l 1011·
783,78. 78418 788810 78 7787 tissimum 700,17
10101010737101770437701’0.100100110777,18.0 1001011730,
*40 10101111 17 7 714, 18 101010 71 73. 701, 7. 711, 17 10010 777
77,11.80,78.101,78.([011.110, 1000110100 180,17’ Leocharis 40,
14.)130, 1. 704, 73. 778, 74 lateri· *1. *4

bue 713784 00,11. 77. 70,11, Leonidae 100,1 ·

74. 78, ’10. 87, ’.78 81, 7. 104,.8117, 1001111031, 10 pl. 82, 73 leoninis
1. 171, 73. 141, 8. 718, 14. 70. 731 174, 7
001οἶ0000.01000010100,10 10101011 0010
latus 10, 00. 100, 00. 010, 10 1111 lesbium 01, 10. 10

11, 0. 100, 11. 10. 1011001010. Lesbo 00, 10.*101, 11

24a,4a. 781·,7 101111 30,1. 117, 1010110100 787,18

17. 700, 8 latam 774 4 1010713, 78 1010010110 77, 3
-101187,1.113,30’10100 71,’17. leucophaea 1131713

108, 7. 71. 107,14.178,71.147,71.1001301101111110 184, 4
703,13.778,7 1011171017 10100 1011301111307 (101130111101701-
*108,Ιο 10110 7701 101110111οε1. 770 ,0)’ 10113010 *103 8

8. 03,10 10110100 83, 8. 187, 111 10110 3818 leuem 4717 101130, 10
10101074080-101010013101110 10110 ’,1333- 1011010 87, 8 ’-10
103, 0. 10 1011001110 111171 1101181018, 7. 80, 8 101110111111
10110118 177, 18 1000110111 147, 1 188,11 101110011110188,18
101011010111177,73 lunationibus 1011101011380

134 13 10110 leuant 104,14. 748,14.788,17
10180111101184, 18 1018010133, 78 1011011 187, 17 10101111 101, 78

. laudari 13711 leuata 187, 18

10101010111111088 lauandi 178 4 1017,10 717810. 713, 17 legem
lauandum 701, 8. 707, 17 1011011100 187, 77 10300 87 18. 187, 18. 713 3
188, 14 101171111οω 014101 180, 71 10318007,8.178’,11.787’,3
1010 14, 10 , 1100111111 (1010101ήό 070001 Philae.)

1011100100 81, 71 · (1100110101141,1.103,7)

1010 laudis 4, 0. 0,1 1018000777,111101101178,18.70.77,7’.80,.0 103,

· 88,18. 88,7’7. 1388. 188, 147178 70. 171, 13. 788, 7.8’

101111010110,18 11801177,18.177’,.3 183,0 Libero

100010011111111’77,·70. 33, 70. 107, 4. 18, 3. 30, 10. 30, 78
177, 1. 131, 11’. 18 1010110110 83, 1 1180111101038114718 1111010111
71. ’78, 3. 178, 70. 181, 7 78, 4. 780,8

1111001001011111111011 10010 0. 11111 00, ’00 1181100,οο libro 00,

10117418 laxiores 144, 77 4. 44,8. 44, 4. 80, 4. ’88, 11. 31, 78.

1101041011 88, 8 107,’78. 101,78.’108,10.108,18.Ι

10010100103,8 1031. 1187. 178, 7. 7. 8. 11. 147,

legitimis 00,’1.107,7 18143, 1.’148, 3. 183, 8. 704, 17.

1030103018, 78 10311700, 0 legitur 780, 13’ libri 48, 22. 114, 10. 71
187, 3. 0 1001111011111, 7 legendi libr4s 180, 77. 700 0 libris 101,

· 0101118011 10010 011111 187, 11 71. 704, 8. 717, 18. 7817

100100 1108111001 180, 48 10301100 111101011101011 18’0, 17

ο1,03 7010301110111031778104,1180111180100137,’17 133,771110110

171030011811037108,17.181,741187,17” .

 

