-135 -

01211010 58,17) tineis 58, 22. 2120222111222021 57, 8, 588 ,

144, 21 · tractationum 180,88 212022210211122
tingo tincta 2042 2120211111 16 27 10,.,.31764177,4 , ·

Τ210111211 *197, 121 2120211 ’2120221022 84,5 tractantur
20111242, 17, 44,’ 12. *24 297, 17 2010 44, 27 tractando 86,16

48,8 ’(201221110111. 44, 24 cs 42 ,17) 2120211112 244, 11 tractorium 248 ,3 ,

201112123,28.189,13,23.256, 1. 257,Ι 29, 244 5 2180201112 262, 9
122 sust 211112 2(72, 18) 174 22 t·ollun tradit 8, 22 tradebant 13818 212·
2211892 tollatur 178, 18 2211- 11010112 66 14 2121221268, 13212-
latu 022 85, 10 2011022 2318 2211- 11111οι1122 25, 2 212122221249,11
12211601 12111220 177, 18. ’193, 13 2121122221 *2 12, 103, 22 211111510-
uublutu² 107, 22, 244, 7 22512212 ,tur4, 22 21260102221· 64,11 210-
185, 6. 102,5 · 1112212022133, 13. 224, 21 traditu
20111100 166, *18. *18. *22 022 195, 3 2121112110 1111112 102, 12
tonitribus 119, 16 traditu sunt 236, 11. 243, 14 ’2111-

tonsore 237,8 diti 21112 156, 7 21211010 155, 5 ’

2011112 268, 10 toni 111, 23. (26.) tradituros (0220) 51,13 2126121112
· 20110 116,11 2011011112 112, 5 26310 traditu 242, 8 212111222-
tonos 111, 22 tonis 112,2 127, 212602102155,11 truden-
2021211100 Ῐ300111) )*118, 28 1122’151, 10
'topiorum 2,’15 203111 172, 21 2126201221246, 11 traducuntur 17,
20102121 147,’2. 12 4. 148, 2. 249, 5 traduci 129, 6
2010212112 nom. seru 245,17 traducentes 188,14 2111112022 88,
,torculariorum 244, 16 22. transduco
· 201210220121112,5 tragicum 119, 20 tragico 172, 13
20112252 22 2012212256,3201110218 2123101 120,16 21231020 110, ’22
92381724014 20062616Ν262, 2 00111221 1158, 20 ’
·.15 274, 18. 278, 19 ’201111 ’245, 28 212 11112 266, 6 2121182202 255,18
torquetur 50 24, 147, 13 2010202221 tractu 27, 17 ·.
261, 21, 268, 22 251020200163, 8. 2121012112 28,5 4 2111101221 246, 10. 247, ·
166, 12 2010202200168,2 20121 26. 258, 12, 264, 23 2210122221

6,6.268,9 201212 272,1’ ’ 249, 1. 2. 272, 10 1210022 022 284 ss
tonilum 5’5,1 201210 58,17 21 2121002110 ’2222 179, 8 2121002112 , ,

, 2012277,14.15.22.274,19 2011111188 26 247, 12 traiecto 260,’1 traiecta
totidem 68,15.76,10.223,21 · 135, 26 21210020 255, 7 traiecti

202112 16918 2799 totu 51 1. 80, 248,9, 249,6..71’1. 272, 15 2766 ,“

2.,.821’84,.413611277,2 20111112 2111120220 140,9 21210022 278,18
75, 18. 209, 4. 225, ’.12 284, 24 202122 traiectionis 60, 15
188,1.2211,16.226,11.14 26, 7. 21210022120 pl. 100, 13

29,’2. 51, 7. 65, 23. 84, 25. 234, 84. 71211122249,11.122,8 169,10. 17823 .

*65,4. 72122. 98, 12. 191,11, 208,12 {tramutata 118, 6 11. 2102112220
2021 48, 22 2021112 288,14 2022111 21222 002212 218, 7. 225, 18 trans
82,18. 221,13. 278, 3 278, 6. 284, seq. abl. 220, 1’ 0. 000. 43, 25, 27 ’
1.12. 17 ’202212 225, 2. ’226, 18 transduxerunt 80, 1811. 21211200 ,
⁸ 2020 868 20222615.’,8418.158, 212220521222122201302518) 21022
25. 271, 4 2021175, 8 201201268 eunt 192, 20. 224, 18 transire
2022 511, 25 165 8 2122202260 194 4 transiens
2122002121 (2122102122) *278, 12 227, 822 transeunte} 83, 7 ·
211111οι11 142,8 2121102 71,16.88,11. transferunt 101, 26 2122210ιο2222
100, 6, 7. 107, 10. 18. 140, 8. 1218. 19,2 21222101102 281,11 2122222112
141111.110,ιι.110,0.121,0.112,0 010, ιι. 112101 transtulerunt 112,
trabibus 140, 15. trabes 100,13. 24. 86, 2. 281,1 transtulisset 2,2
196,19. 22. 24. 107, 18, 26, 141, 8. transfertur 240, 5. 263, 9 trans·
9,152,11.14.276,16 trabibus 34, 1012221 94,10. 216, 21 ’2122212220
89. 59, 24. 148 16. 276, 16 211112 88 4 21222182222112 101, 26
motabilis 20, 10 . 12111212122110000110211141

 

