-130-

15555ωψ555ω415355555155
551111 *55, 8 uenas 17,16. 1844, 26. 45, 4. 13. 46, 22. 40, 14. 49, 1.
5Μ5554555555ῊΜῌΜΜ5555
55ΗΜ5Μ551515ΗΜΜ555555
555,5 5.555555555

mmmm‚u. 5.55555555

501ιο555515 109, 1 5511555551 16,5 105, 2. 10524100, 19.111,14.10. ¹

55110110. 80,17 5055115 50,7 115, 21. 116, 10. 119, 26. 121,14. ,

mmmm 1555555551’

ueniunt 199, 3. 246,1 5511155 79,10 107, 23. 109, 15. 140, 25. 28. 145,

, uenit 157, 18. 215, 21 5011015115 24.· 143, 27. 151, 7. 154,15. 157, 5.
282,8 1151111555 280, 21 55115115 15. 20. 25. 158, 8. 160,10. 161,16.
555555555315Μω55555ω1
ummmmwmm1wmfflmwmffl
55111110 28018 5011155550 21, 20. 0. 8. 18. 178,16. 181, 6.17. 182, 8.
55· ωψωωω5ω5ω5

mmmmmwmmsmmumwmwm.·
208, 20. 203, 5. 14. 15. 18. 228, 20 2. 21. 215, 8. 215, 2. 15. 217, 18. .
mmmmmmwmmmw.m,mfflmwM,6·
wwammwm 5,5.5Μ.5ω.5ωω5’

1101150100 127, 4. 231, 7. 3. 15. 240, 18. 241, 10. 21. ’

11011551 23, 24. 27, 5. 7. 206,3 110551 242,13243,11.244,5245, 1421.

25, 10. 28, 2. 20, 10. 100,12 133,1 245, 25 255, 17. 251, 3. 252, 13.
55115511125410 1151155 258 551151 -264, 21. 255, 18. 10. 262, 24. 264,
23,10 26, 27. 28, 11. 54, 23. 144, 13. 22. 266, 21. 255,3. 272, 7. 274,
mwm'wmmmmwz4mmumww66m
12.13. 25, 5. 15. 25, 15. 17. 13. 24. 16. 284, 23 ’
555555555515555η1 ,
189,10.265,18 5011551 24, 26. 26, 5011551111 239, 12. 238, 27 5011115110,
20 11011511 33, 15. 53,8. 188, 24 253, 21 5011115111 238, 5. 280, 23
'mmMm6„wwM66.w1mfflaem,u mfflms·
13. 220, 0. 18. 22. 221, 3 11011011 243, 22 .
13, 5. 35, 13 55115515 147 11239, 17.257,1 1151-

5555155511 15, 10. 24. 43, 23 55115-155151111*110,27.225,7 55115115
15550111 Ι175, 3. 85, 21. 27. 100, nem 221, 20. 223, 24. 240, 4. 250,
11.102,12 5511515555 (48, 23.) 8.263,15 5011551550 219, 26, 224,
151,20 ’111515551(15,51111,11 · 5.111,5.111,5.111,11.111,15-

55551551 55115155 12,0 5511515515 151111511511415.5115 551· ’
71, 27 5011515551 107, 21 - 55115-15515115111151,0 5511551511οε 238,
1555155555 mffi,mffl,’mw,mw;w6
5015151515 88, 25 5015151510186,1551551551*1,89 12 (cf. 219 ,27)225,
20-1101111150154,15 15. 233, 10 241 14 2458 *24,.74

1101 1101054,11 25213 25317 2541215 255 1122 ,

501551551198, 10. 100, 7. 121, 14. 18. 50115 551155 230, 17.254,4 51115115 · '
218,2 501511 11018 246, 22 551105 265, 13 1151555555 ,

115131115111111226,25 1101311151 151, *250, 17 5011555115 265, 20 1151- ·
12. 228,15 501311111 225, 28. 227, 15 15551 111,11.255,13.257,14 1101·- ¹

uergit 61, 8 santur 160 7. 171, 22. 246, 26255,

111111511515114513051115,55111551 55110551 223,

20 ueritatem 24,2.175,1 50115550 23, 240, 16 5011555111110,17.220, .
5Μω55’15,55555ηη5’·

50111551 38, 9. 86, 28. 220, 24 uerna. 151011551245, 0 5011551551 24714.

144, 23 5511111172,1 256, 22. 264,17 uersatum 150115

5015 (107, 28.) 150, 12 - 1, 9. 4 2. 264, 13 50115550 15011115 265, 24 .
wwwmwm6,2.mmmmmwsmm
24. 27. 24, 20. 27, 14. 00, 6. 10. 35 151155155,5.151,16.111,1.

 

