--49-.⁴

19.199,14.18 exterioribus 35, 3 1111111198 8 91111691999, 9 ex·
exteriores 33, 4 199, ’11 9119119-11169119997,19
ribus 131, 11- 91119111 99, 93. 911119 911111111 79, 19 9111191111

49111911111111”’970,9 extremi 78, 99 79, 14 91111911911116999 91-·

911191119 996,6’ 91119119 994,19 1119119111 190,6 9111111119-

extremum 69,19.994, 1 91119- rint 163, 31 9111191111111191111

11111179,9.97’.88,19.’117,.9 190, 99, 90 91111191011199 99, 99 (91-

9999, 9 966,7 9’1119111111179, 16. 111919 80, 91) 911119199 99, 94

(99919.) 996, 90 extremo 79, 8. 9111191119 910, 16 9111119119 76,9

77, 4. 78, 18. 80, 4 116, 9. 999’,.9 (9119911111 Lor. 90 ,91)

, 353,13 91119111 Ι940, 18. 948, 16 911111 44, 7 exusti etil 187,14“
- 91119119 98, 19. 906, 90. 999,17.· 9119119119111 41, 94 exurere 188,·
<999, 11) extremi 117, 91 91119- 1 exurendo 136 9’, 199, 99 exurens
1119 1991997119 oilremorum 910,19.994,10 9111916449 91-
99, 18 911191111111199, 16 91119- 19119 41, 99 >

1110968, 17. 96. 87, 99 136,3.,3134

extremis 96,19. ’61, 9 78, 17. 8’6, 19081· 978 4 febri 46 4 88, 99. 914,7
90. 98, 99 989, 1. 939, 9. 7 ’91119111 fabrorum 949, 99 fabios ,96, ’1
91, 6806, 19 9111911119 8714. 33, 116119194,18’ , ·

’ 14. 100, 98. 191, 18. 153, 94- 96, Faberius 1⁷8, 90 , ·
11911991,99.91,9.99,19.1991199199199 9699191911 fa-
6984, 11’. 964, 11- 831. 114 33 bricoe’,1e . ,
119,1’1.90991907,7.’,9141’9-1961191119116199699140 . «
168111911111196,9.9’9,97.9’99,99. fabrico 1161191111 113, 8 1961191111
969,99.970,191191119111119499 *9963 196191111198,1 fabri·
,1111119110911 11911191ῐῖ19 99111 16, 36 11611991111114,7
106, 80. 960, 18. 871, 14. 98 ab 91· fabricate· 961, 4. 977, 96. 115, ’99
11911119 114, 99 111199119988
9119199161 168,18 911913 9911111 1911111 8813.154,13 fabrilibusS8,35

, 16,711 v 19111119 333, 3 1111111111104,’1.9

911119911111819 9161319111191,19 119, 19. 1’79, 19
91113111111180, 18 91111911 9’111 feoieni 89, 33 1191991,19.99,91.
41,7 919191999991609 ed ex· 48, 33
liriguendem 974,17 199111191991, 10. 9694- facilior
9110 9119111 168, 94 011911011968,906,9’.1 108, 33. 114190. 186, 10 “
90. 966, 6 *719 9119969668 faciliores 194,16.194,4.999,11.
9111111189 164,6’ 91,11.148,9 ’1191691111997816
9119819699 99418. 96916 91--’1191111917,96.10,19.16,96.’
1911111111”969,17 9119111111 141, 34, 5. 98, 3. 44, 97. 199, 19. 144, 8.
, 8. 969,11 9119891111149, 10 ex· 150,1 16'317. ’164,.4 468, 94. 9’46, ’
tollebatur 974,14.978,17 9110119- 16. 868, 11’. 964, 18. 969, 5. 976, 99.
0911119788 0119118111·901190.979,14-10011999,98.80,19.116Ἰ
9999 9119119111111191119961891- 1. 194,1’6. 96814 11911119 9,19.
101199919819 91101109196969 90 98. 8,’8. 18,7. 11. 98, 18. 10417 ·
91111161.19’1,19.119,11999991, 110,2e.116,o.135,1e.1.63‚616⁷,
ro- extra’ praep. ’,19 19. 99, 11. 11. ’994, 19. ’1999
14. 18. 91. 68, 3. 10. 68, 10. 60,.4 facilitatem 343, 46
76,18.70,18.’148,1.4.169141991119118817. 168, 96. 188,94. 1978.
6.186,7.1’9.91.916,98.964’,979.68, 999, 9’6, 996, 8. 988, 10. 969, 7. ’19
1996964949θῦ, 8. 7. 989, 17619 fecimus 111¹, 10 119111118919-
9111111111 186,7 (01119191199966, 17) 68,96.106,9’. 186, 6. 148, 19. 143,
extraneis 814081. 145,3 , 9199919419.1611111199, x
extrinsecus 107, 90 (90. () 96, 183, 8. 190, ’.6 890, 90. 338,
. 9111191191911 169, 99 7. 9. 94. 998, 99. 9’99, 99. ’9,98 91.
,911916111199141 9 9111101111 999,7 19911197,9’98,99.*’191, ‚
*199 19 (99199119119191119 19. ’119, 11 *199,1. 19911 19911

vitruvius.. , ,4 ,

 

