-143-

8. 230,11.243,27. 266,6.264,7.266, 1111111ιί111 37,3 uolumini *51, 25
11111111111111111111.111, uolumen 111, 1. 1111 uolumine
20.255,2.258,20.10‚11.15‚12.11,10. 11, 11. 111111111111. 1111.
11111111.1111111111. 111, 1. 85,10. 10. 11. 11, 0. 1111111111.
205, 1111611. 18. 19. 2511 111111111 131, 16. 11111, 16. 146, 16. 164,
11111111111111.11111111, 11. 111, 2. 111,11111,11111,1.
10210, 5. 251,15. 255,20. 251‚15. 212‚2.250,20.281,22 uoluminum
266,,7 unam 42, 10. 43, 10. 13. 48, 123,13 10111111111111,1. 83,14. 144,
15. 51, 21. 52, 15. 50, 10. 11111. 1111111. 1111. 1111111111
11111.11111111111111111 uoluminibus 2,15. 11111111,
11. 11111. 255, 11. 111, 11 1111 11. 85, 11. 111, 2. 101, 2. 18. 21.
1111. 101, 18. 120, 15. 111, 1. 10 155, 0. 155,1. 152, 0. 185, 8. 185, ’
111 11, 10. 151, 1. 111, 11. 11. 111, 11. 111, 20. 281, 25
5. 6. 2213. 266, 2. 81, 25. 164, 21. 1011161111 134, 2. (260, 22) uolun-
1111.111,1111,κ111,11>· 11111111 -
221,13.267,12 nna10,4.80,10. noluo uoluebat 251, 15 110111i1ur
101, 1. 115,20.121,21. 111, 11. 1111-11111111111*11111 (11.
11111. 1111. 111, 11. 11111. 1111 111, 11)
266, 16. 200, 11. 258, 8. 230, 14. uoluptati 15,1 uoluptatem 41, 4.
1111111111111111,11111, 111, 11. 111, 1. *111, 11 uoluptate
10 - inunum 1111111111 111 11111111111111, 15

unusquisque unaquaeque 1111 uoluta 1111111111111,11 uolu-
115100011111811110 00,16. 112,13 11110- 11111111 78, 20. 23. 70, 18. 80,3. 87,1
quoque 11111 11111611 78, 20 1101111111 80,6 5015-

00055010 1111. 11111. 1111. 88, 111 11,1.11,11.111*1,1
2. 112, 21 uocabulis 87, 27. 88, 10 numantia 83,8

111111111111. 12,21. 10, 15. 51, 11. uoragine 11111
11, 0. 121, 11.·151‚ 1. 211, 1. 252, 11111111 11111.
12 11111111111111137,10. 68,0 uoci· uotum uota 016
1116111 128111. 111,21.22ο,14.*111, uox 0, 15. 108, 9. 11. 109, 11. 18. 20.
15.201‚8 1111111111 1111111, 11 115, 11 11. 11. 111,1.1.1. 111, ο
ιιοοί61116111167,18 uocitatum est 20. 116, 3. 118, 1. 3. 121, 3. 0 (12

· 182,14 uocitati 12,6 11οοί11111 1121111)1ο111110,0.113,26,114,
esse 28,5 5. 111111. 121, 5. 11. 25. 155, 1.

5000 111111 11, 11. 111, 1. 111, 22. 20. 155, 111. 1111 uocem· 100,
11111111111111.1111. 212, 5. 110, 15. 111, 10 uoce 111, 5.
⁴0 uocatur 11,.11 11, 11, 1111 111, 1. 11111111, 1 uoces 55,
1100116111 98, 6. 143,11.266, 12 11.1111211111.2011111121
uocabatur *6120111111 110011bi· -255,2 uocibus 202, 22
tur 208, 0. 236,6 uocari 226, 3. 7 urbanas 14, 24. 115, 12 - 111611. ur·
(1100515 224, 28) banis 148, 6

Volcani 30,16. 17 1116111130,12.22.282,6.21 urbe

11111111 1111111 1111111111 50,15. 51, 25. 140, 1. 1. 111, 11
1111111016. 116,12. 182,10 uelim urbibus 106,2 - urbs == Roma
63,20 uelit 3, 20. 21, 8. 164,11. urbis 52,18 urbi15,0 urbem
111 11.251‚2. 11111 111111 111, 11, 11. 15, 5. 11, 5. 55, 11111 ·
25. 111, 11 1111111111 uoluit urbe 11, 12. 1111, 1. 1111 ⁴
63,2 111111111178,20.237,101111111812 1111111812
noluissent 86, 18. 131, 22. 283, 6 (urgentes 61, 16)
111111111111,1111111111 urinae 11111
1111, 11, 12. 115, 1. 11111. 111, uro uratur 50,0 urendo 180, 10
12. 178, 24. 280,10 uoluerimus usque 130,18.234,18
1111111111 1111111111. 1111

Volsiniensem *46,16 ustilatae 21, 22 1111111111 76, 23.

1101111111 27, 16 130, 21

1111111111 220, *4. ’11 1111111111 18,6 111111 11, 24. 110, 3. 144, 18. 148, 28,

 

