—36- ⁹
’ 6,6.6ΜΜΜΜΜΜ6ΜΜΜΜ63ΜΜΜ6.

⁴ 60 22 666. 88, 24616. 84, 16 22

. 88,6,101,16.26,111,21.112,1.
’12,20,113,10.1262013812140
6.26.141,1.144,6.164,7.180,.1
18616. 127,10.*,1287.204,,321)6,
22. 227, 1, 266, 26 260, 14. 262, 6
278, 16. 284, 22

3661661161 geometria 620

36611611169,21 geometriam 1610
*2668 366661116613

3666611166601 191, 16 geometri-
cis 4,.’4 27, 2. 2662- (geome-
11166 269 ,8)

(161 *120, 20

361114619 3616611862 361111-
sent 16618 geritur 39 6 gera·
tor 31, 3 361166 601666116612

. geruntio 143, 23 361161611612
gestis 21611

gerusiam 4616.

3611111666.117,12

· 316016161316011161616 2466

gladiatoria 1964

31666616616. 1774 181, 8 glaebae
111 1661617618.177,8.178,9.
17611 316661(116)94,16 3166111
3166611161. *196 22

316166 40,10, 1866 ,

glareosa 43, 20 ,

gloria 164, 17. 6, 2. 8. 261, 8

. gloriatur 244, 8 3161166161 166, 2
316111661611, 3 glor1antss 3412

gloriose 4,13

3161111Μ166,28.180,14 glutino
180, 18. 21

Gn.= Gnaeo 2,·4

gnomon 26, 21. 29, 23. 233, 29 gno·
1116111126,22,26.26,12,71,28,
18. 218, 11. 20. 282, 1218. 21, 284,
6736616666 28 21. 232, 10 gao-
monum 218 23. *236 3. 233, 14

gnomonica 16111. ’166

gnomomcusgnomon1cas13,18 gno·
16661611 212 2. 218, 16 ’ ,

&noeis 316 3666616 179, 6)

noson 19, 3. 11— Gnosio 161, 6

· 61 oneum 228, 17
26 ynam 13, 9. *12
316611161616 847 *96 10 graciliores gratia 34, 3.8 316116613617 gre·

1Μ666Μ.6,63Μ
11616137 3166016666186, 12. 19
gracilitatis 83 18 gracilitatem 86 2
3160911111 86 4. 26, 6. 87 2 110 3 133,

2.120,20.110,2.118,2ι

ΜΜ6666Μ,63Μ6
109, 10 gradus 7616226101,
8.117,22.(28.)128,7.1662332,
1011661161 3160116111 76 18.
20109, 11. 114, 16, 214, 24. 21166, Ι
ΜτψΜΜΜ6.1666.
217, 21. 221, 20,241,10.273,14

Graeciam 4, 12. 1267

Graecus Graeci 6126162111,
11. 12, 21. 17, 11), 28, 14. 32, 3. 48,
14.6,,,82662’0,77,’..;.;91682682

. 22, 104, 27. 1161611613120,

ΜΉ6.ΜΜΜΜ,
m.m,mmmmmn.
1Μ.Μ,6’Μ,ΜΜ.Μ,.
ΜΜΜΜΜΜΜ6
666666ΜΜΜ6Μ-

. mmmmmmmmmm

mmammnmwnmm
mmmmmmmmn
mmmmmmmmmm

' 6 26612 Graecos 33, 23. 76, 8.

127, 3. 128, 11 (1166611 26637, -
1ΜΜΜ1Μ6Μ6-
odi. 31666616626. graecae 16618
316661 104, 11 3166666 11617,
166, 14 3166661611102,3 3166611
201, 2. 204, 6. 20, 2. 110,18-

’ 3166666,21,9,.2011,10.13. 13

mmmmmmmmrm'
8. 68, 26. 81, 16. 21, 18. 22, 3 112,
17. 116121617, 114, 4. 12612.
121, 6. 132, 13, 143,.3 160, 21. 161, .
23. 176, 7, 24.·172, 6. 202, 14. 216,
2212, 11). 281, 11. 243, 27. 261, 13¹
2663 2061 22. 262, 23. 274, 18.
276,14.23.2,763.277, 13

Graia 32,3 .

3166166116618,10,11,4 gramma·
1166611, 2 (grammaticis 64 ,24)

grammicis *64, 24, 2163

311616111161714621

(3166016 167 ,26)

grandis 3161101 134, 22. 133, 19. *133,
6Μ,6ΜΜ6Μ

graphicoteran 33, 26

' graphidos 3, 13. *133, 12 ‚
grassarentur 24618

tiam 6611 316116 63, 7. 64, 13

gratiae 166, 3. 20 3161161 122, 22

168, 11. 186, 6. 214, 21. 282, 13
31616116186,2

- 16.166,17.241,10.246,10. 2763 gratus 31211( 16, 24 31612. 31,13

 

