-144-

180,3.2,20.·16,22.97‚29.146,12
16311 usu 1831 11111113,33
14‚6163690W26936ffl6
28.6,316126ffl92156

666666666
6W6666666
1amu66-6,66,
6m9-6666,6

6116916710691666666818465614626

9.139,3.144,13.143,13.143,14.
171, 13, 177, 33 178, 3. 180, 13.
131, 30. 186, 13. 193, 31. 304, 14.
13. 311, 30. 338, 33 341, 33, 344,
33. 343, 3. 36. 348, 19, 337, 10.
371, 33 1n usu 33, 3. 33, 33, 11. 37,
3 143, 3- 113, 8. 134, 34 360,18
nsua 14, 3 7, 3. 31, 1. 131, 33 usu
uenire 3319 1111111111111380,18
111111111,1313.3,8..13133336
4,3378Ἣω83933ᾙω.
ωΜ1ΟΠ3133303183
96162361762656
38,13.13.31,31.33,3.8.34,3.33,
28W6106402674666
2<6>m2³54266328
66, 11. 68, 30, 31, 30, 13 31.73,34.
733318.Π,3.11ψ31103,
7.6W864„611w6306w210
37,33.9Ἳ9,17.100,().10,18.103,
’ 3,33.103,33.109,18.110,11.114,
8,133,8.14.136,19,33,138,16.
11. 11. 113111. 111, 11. 111, 11.
138,13.141,30.143,31,144, 3
146,13.147,7.148,4.8.30.36
ffim6666666ffl,8.
17,34.133,3.133,4;164,3.14,
133,16.167,11.169,17.37.170,
17.30,171,16.173,11,13,177,10.
178,11.179,4.180,4.38.30.181,
1.8.193,8.303,16,19.306,33.
, 307,3.<9>.303,13.17.<30>.309,
311Ὦ3Π133333ω,9.
<317,11> 331,8.333,13,333, 3.
333,3.30,334,13.337,11.338, 3.
18,341,36.343,1,<13>.31,343
3.*3,*3.343,3.13,18.348,4.11
331,18.333,<3>.16 333,19.338,
1.34.339,3.17.303,3.363,3.14

(111, 11.) 111, 11. 11111. 11. ,

111111.111,11.111,111111
’1ῌ1313131331
6—6666

6666666666.
666666666666
6666666666
66646666666
mm6mmmw.63,
wwm666696,2.
6‚46‚u.6.66,66,
1ᾀ3,ωωω13333

Μω,’ΜΜ31333
56‚wnwmmw.6
3331333313
6.6,6666666
3.3,Μωωηωωω
266w6,666.6
766.6,mw.6,m,6
6666666m6
666666666
666w6.6,w.66
3313133333
111111,1111111111111
9666666666
666666666
666666661
666666666
766666666
266666666
³Qfflmwmfflw6
11131131331111
6w66666666
6666666,m.6
5W662664ffi6

’147,19.148,7.39.136,1.9,*131,

13.133,4. 11.10.11, 133,3. 16, 18
133,1. 138, 23. 162,13 166, 7 13

,38- 164, 33,163, 16.167, 6 18,168,

1.6.6‚366,46‚6
6,6.6,66666
6,6666mmw.
6.6.6.6,66666
7w66666'666
6W7666666>
6w626666m.6
66656‚66‚6
Μ11ΜΗ3331
1313311131133.
666666666
133333131-
(666666

666666666666,
1131ω13111131
13331311ω131

” 8.30.31,33,33.23.46,3.47,33

3133333133
3333133131
31333131131
3,131311ω133
11, 1111,1113111111111.
88,6666666666
9366666666666

 

