’-57-

grati 111, 11 gratas 121 grQ'

3111111110, 24. 111, 5 3111112111,17
3111114,.18111,5.167,8 3111111
38,.,3186 12 210 26 208 -311-
111111211, 12 grauiore 136, 16 311-
1111111 135, 7 grauiora 166, 23
311111110111131,10.311111111111111111
113,11.200,12 3111111122 18812
31111111111211 137, 0

grauitatis 266, 6 grauitatem 122,
21· ·,177 22. 189, 420 3111111111
5,.18 17, 24

3111111111 24,14

31111111 1935 31111111124 3111-
11111.*35,13 ,

31111 gruem 273, 23

gubernacuh 254, 2 gubernacula

3111111111 254,1

3115111131511111111111279, 20 311111-
1111111 15 3 3115111111111 104, 26
gubernaretur, 1 6 3111111111111111
232, 21 311511111111111111 100, 6.
148, 20 3111111111132,11

gummi 180,13

31111111 109,6 3111111111 199, 22

31111111 8412. 93,3. 177,12 311·1111

MQQQQ‚3QQQ,Q

3111 1111111111 200, 27

3]1111111111111131,18 gymnasium, 10 ·

gymnasia 30,12
3311111οηί111 140, 17·
gypsum 167,4

QmQQQQQQQe‚

4242140114621 4018 52

2QQQQQQQQQ.
Q,QQQQ‚QQ6QQ‚
QQuqueuQQ
eQQQQQQQQuQ‚
QQQQQfflQQQQ,
QQQQQQQQQs.
QQQQQMQQQQ.

QQQQMQQQQQ,

1. 188,15. 189, 7. 16. 105, 6. 22.
196, 14. 203, 11. 205, 21. 206, 12.
210, 22. 24. 224, 0. 11. 226, 18 227,
10. 12. 228, 4. *233, 10. 243, 22.
244, 12. 246, 21 240,16. 262,1.
(265, 2.) 270, 8. 271, 21. 277, 5. 6.
281, 10 1111111111 72, 15. 11119.
135, 25. 158, 15. 223, 12 11800111
QQQQQQQ‘QQQQ
2121Μ121222,
16. 44,11. 26. 45, 0. 17. ⁸¹13. 46, 1.

5.QQQQQQQQQQ:
2.2ΜΜ222221

·2222212Μ22

QQQQQQQQQQ

QQQQQQMQQQ

QQQQQQQQ

12222ΜΜΜΜ22 ,
QQQQQQQQQ -

2Μ2ΜΜ2Μ2Μ2

Q.QQQQQmQQ.·

1221212212212
22222222’
2.22222222
22222Μ22Μ.
219, 3. 277, 13. 281, 13 hebeat 3,
2.12111112212211
111, 112111111111111. ,
74,10.77,1. 78,18.70,13.80,1.

81 1187,10.15.01,13.23,20.101,

. 7 111 111,11.111,11 121,21.121, ¹ '

QQQQQ.Q,QQ‚Q
1.222Μ22222

182, 15. 185, 12. 104, 15. 206, 4. ’

207, 1. 208, 11. 211, 23. 219, 13. 221, ·

0 *224 14. 240, 11. 17. 18. 23. 250, “

9 2631417. 270, 3. 0 1115211111·
05,17. 138,17 1110911111 8, 21. 21,
Q.QQ’QQQMQQ

' 11211,1121112211.11, ,

22,11ΜΗΜΜΜ2.
2222222222.4
2,ΜΜΜ.22Μ222

1mu,Q.’QQMMQQ

· 2ῌΜ2ΜΜΜ2Μ2

meQQQQQQQ
QQQQQQQQQQ.
Q.QQQQQQQQQQQ
MQQQQQQQQQ
QQQQQMMQQ.
232, 8. *22. 261,1. 260 *9 12. *272,
13. 276,5 1115111112,9.132,21
111511111,14.31,11.41,17.86,.4
162, 3. 215, 20 284, 25 1115111111
2,26. 33, 23. 37, 23. 42, 14. 62, 16.
QQQQQQQQQQ
1.114,1 111105 1ο,1.11,1.11
71,.,.,-.,.,..27783005048187618
208,11. 214,16. 2530 habebunt
72,14. 79, 22. 87, 12. 25. 118, 0.
121, 9. 146, 5 200,2 1111111280,4
5101101111 63, 11. 122, 9. 176,10.
QQQQQQQQQQQ
QQQQMMQQQ
QQmeQQQQQ
1161111111 278, 3. 10 habuisset

QQQQQQQMQQ ·

 

