..22-

eurari141.,.,-1420200220mn 01111111 11
6011121, 0. 242,7 datio 00,4 ’
·101111106,01011001117141111-001,7.10,..16166,6.47.6,.206,
1011001666 currem 168, 6216, 4. 0, 16. 14. 16. *10, 10, 7, 11, 6.
2. 221,0. 226, 14 1111101111 241, 2 10, 16. 26. 26, 2. 28. 21, 7. 27,16.
’ 111111110111111111111111 1ο,1110.,’.1111111,1’111,’1..4
422222 , 861,..6866,,2266,..172027611.
111111111262,6 67,428.6261138,,1,,06017,40,
10111117,16.227,16 9111. 227,10 1.0.10.16.41,6.4611461744,
eunui110,12.122,10 121, 20 10. 10. 11. 41,4 41, 1. 21. 41,1. 41,
101, 10 1111111111 10,16. 27,1, 61,. 160,16.61,4,66,12.64,6.7,66,12,
, 10.’20. 11111. 11111111. 221, 12, 11. 11, 20. 00, 22. 11, 1. 12, 2. 2.
,2 7. 17. 226, 16. 224, 6. 4. 11, 16. 10. 11. 12 611. 04, 10. 21. 96. 22. 71,
20. 22111. ’11111111111110 10 1221. 11,1.*18,11.10,1.11,
· · 240,1.264,7 111111114μο 16,Ξο 1111202210.2111111011.
114’ 11. 20'. 141, 2. 112,’1. 212121. 91, 21. 1411. 111. 1111. 111.
.220' 0 224,12.2'22,11 611, 1. 641, 11011.1111111011111111,
22’ cursus 202, 10. 212, 20 0112 1. 108, 10. 91. 100, 11. 111, 4. 21.
sibus 210,1.220,2 124‚12.12.120,12.122,22.121,2.
numatam 01, 2. 101, 1. ⁸202, 0. 210, 1101111141. ι11,1.14ο,1.4.
14. 20 amaturae 04, 1. 120, 9. 14111. 149,1. 144, 2. 9. 140,11.
120,26.40,26 11101111011140,26, 140, 4. 10611.148,12.16.161,18.
117,6.14. 120,4. 120, 21. 11012. 20. 21. 24. 164,2.420. 166,14. 167,
200, 19. 210, 9. 29 1011011111. 19 111111111111140).
107,0.108,24 0111001012θὶ20, 2. 6. 4. 0011. 7. 8.- 10 11, 100, 2.
*2101 numatam 111, 11 11 10.101,..(2)20 102, 0.12.1’4.
01111111 curua 149, 14 106,8.106,13.100,16.170,14.21.
custodie 110111 226, 0. 220, 10. 228 6 176,14.16. 10. 170, 21. 180, 6181,
Cutiliis 104,0 10. '20. 21. 189, 2’10. 21. 111, 11.
116110, 104, 16 cybicis 104,2 197,11.*1940209,14.10.204,19.
cybus 104, 6. 10 cybum 1049 206, 10 21111. 20212 2. 216, 20.
cycladi 176, 20 s 11.217,10.211,1.0..1 1992’ 14.
11111101 (11111111) 141, 20 222, 1. 422, 12. 2'24, 11. 20. 220, 20.
40474021'19 (050494022)*469,19 220, 1, (227,1.)228, 1. 202, 919.
Cydnos 194, 24 2406. 241, 27610. 242,1.16. 246,
(cy ygno 182 ,’11) 20 ²240, 11. 24. 240,1.2. 2002. 211,
eyhndn 200 20 (eylmdrorum 211 ,1) 11. 11141.111,14.111,1.111,10.
v. 11110110111614.11.16.07,11.16.26.., 260, 16. 11.210,1.1000.111,1.1.
06,18- -70, 17. 61, 6. 97, 19. 16. 268, 0. 260, 1 7. 271, 24. 272, 18. 19.
06, 1, 61, 21. 02, 20. 00,2 cymatii 276, 8, 276, 1. 1214611116 277, 18.
70, 16. 81,12 cymatio 79, 12 067. 270, 2. 26, 260, 16 10. 280, 26. 264,
,81, 19. 01, 26. 07, 17. 20 cymatlis 21. 26 ·
62, 1. 66, 7. 02, 21. 08, 26 dealbentur 170, 22
cymbalateymbah) *201 11.*202, 10 debete, 9. 9, 4. (00, 24.‚)90 4111,
. cymbalis 202, 22 20 116, 10. 120, 20. 191, 0. 1.* 4, 96.
11111111001001111) 9,99 11--11-1410. 163, 4. 107, 4. 149, 21. 200,
1101111120ομ4 7102001010 debent 4, 8. 0,
cyprium 2120, '20 10. 1⁶‚¹8· 11,1.1111,11.14,11.
Cyr 01100 Cyrenis 108,1 06,27,00,1,106,17. 100,6, 122,
Cyrenaeus 10, 16 cyrenaei 216, 22 22,127,26’, 141,1.’144,11.141,21.
· Cyrenaeo *27 ‚ 1462714712162,1.10711171
Cyrrestes 21,0 1. 1’11, 20. 2'41, 10. (200, 10)290 9
· 9910010114220 cyzicena 140, 20 616111 10, 22. *00, 24 00,0. 100,
20. 140, 0144, 19. 146, 9. 149, 7.
damnati144,9 200,2 debebi’1140‚4 61616111
Daphni1101,0 ’ 27, 7 deberent 2802 debere

 

