’-44-

6001116166, 6 110, 83. 111, 7. 889, 16 810, 18 1011116111 186, 16. 188, 6.
6661411161 808 6 flectens 113, 80 161,18.198,6.16.8001808,81.
6661611164 111, 10 804,8 1611164 79, 7.189,16.191,

flexurus 86, 30 16.19,88.199,1.196,81 863,16.

flexus 6611118666 864, 44Ϊ444, 1. 816, 84 fontibus

60661868166101810116610871014,8.168,14.186,18. 188,13.16.
64,11 hantis 86, 10 661110 887 84 86.194,17.888,19

6101110 179, 18. 18, 6 fontalis 198,18 ·

florens 196 7 6ο1611164817,16.818, fonticulus 197, 1. 868, 9
11. 166, 14· for 1611 38, 86

florida 16,9 floridos 814, 84 foramen 840, 86. 841, *7. 11. 14. 88.

144141,14.411,4.144,14 144164, 4444464, 14444144441.
88 florem 101,18 6010 180, 88 881,17 600. 840, 18. 841, 3. 848,
6416487, 84. 173, 14. 46,8 floribus 1. 866, 87. 866,16.876,16 forami·

. 188,18 111086618*131661”6.16.17.18.19.

6601604881 000. 189, 86 6110117160 80. 867, 4. 7. 9618. *10. 11. 14. 16.
180, 8 17. 19. 80. 81. 83. 868, 8. 6101. 869,

61111106 189,10. 198,83.194,84. 196, 88. 870, 10. 18. 188146101617.
8. 13. 166, 84. 831, 14. 19, 8. 176, 19. 80. 84. 871, 8. 7. 8. 10. 1617.
86.198,16.17 6661611019,9.38,19.81. 86 101611110018,81.846,
19. 69, 6. 96, 11. 197, 6. 867,7. 6 16. 866, 17ι870, 18 1016161666, 6.-
6111111116 178,17. 191,13. 196, 10.· 48, 3. 869, 6. 861, 9. 864, 3. 866, 13.
144, 4. 44, 4. 44, 10. 1444. 444 10 446, 4. 66,-4 44, 44. 44, 44. 444, =
fluminum 44, 44. 44, 4. 44, 4. 144, 44 ’444, 44’ 444, 4 4 444, 14 444,
10 fluminibus 96,16.40,10.186, 9610.17.91.'963,1.97’9,10.14.
1.867,6 0 876, 6. 883, 86 foraminum 41, 87. ·

646 ssuendo 941,16 fluens 89, 86. 6688. 6619. 866,*8. 10. 16. 867,
109, 80 61100100 186,10.139,17 8. 4. 6. 10. 14.*14.14.17.10.44. 84.

6116161166 41,1.8-· 14,19.41,10 868, 1. 8. 4. 6. 869, 83. 870, 11. 18. '

focum 146, 83 147, 87 871, 1. 7. 9. 18. 16. 18610. 88 forae

fodinae pl. 176, 10 minibus 861,10 obl. 41, 93. 969,

1464416464 1061161171,14. 176, 81. 864, 6. 866, 14
94. 176, 18. 84 177, 9.6. 179, 99. forensibus subet. 146, 83- forensi '
181, 80. 196, 6 10111116161176, 4. 7. 63, 7 o
194,7 fodiatur 40,.9 7,6 88.18,6 1016600 846,19
86. 186, 86 146144101818. 76, 11. 16114964 98, 88 16164 98,11 forum

. 184, 4. 196, 18. 867, 16 16014644-*148,14 16164 94 83
14117611 fosslis fuerit 866, 4 formu *76,.8 77, 4. 866. 94, 1. 166,
fodiendi sunt 187, 88 fodero 34, 14. 816, 7. 966, 13 10111146 16, 86
6. 810, 19 1061011110 883, 10. 16 38, 3. 7. 84, 88. 87, 6. 90, 87. 870, 8.
fodion6um 877,18 1641164144816,1616441946166,7.889,6101114
99. 877, 17 10666 *196,6 31, 16. 806, 80. 888, 91. 1886, 8.

16641614 168, 84 861, 6 1614444819,86.878,6 101· ’

1611611487, 19. 98, 8 1611087, 19 folio murum 11, 96. 181, 80 formes *99
86, 87. 87, 80 fohorum 87 4 foliis 19. 91, 88 formis 146, 6. 49, 18

· 13, 8. 66, 18. 179,4 1014114116 106, 13 16614116664198 19 ’

folles 846, 86 1614466464 69, 8 formabioni6us .

Fons Font'i 13, 6- 1011060, 86. 196, 84, 16. 99, 6
17. 169, 1. 6. 94. 868,9 8063 fon· formicae 889, 81
tis 60,11. 909, 6. 867,16.831,14 formo formaui 91, 84 formetur 161,
10111661 60, 7. 17. 199, 7. 901,1.4 8 formentur 141 lformentur 87
fonto 196, ’9 166, 6. 806, 11 164444 86 1ο114414641168,161014141641 ’

. 18 83 48, 13. 49, 6. 16. 44,,8183 est 1676 fonnetum esse 1996

⁴ 84.·178,17. 186,16. 198, 10 17. 19. 1011116160 48, 19 1011116160 88, 88

94. 193, 91. 164 7 1961618111. formosos f(0rmonsos) 869, 18

196, 89. 198, 16. 866, 89. 804, 3. 89. fomeoulu 186, 7

 

