- 45 - '
811Ρί1 16, 99. 135, 3. 188, 9. 910,19 7. 21. 177, 3. 181, 91. 185, 8. 14.
eripiurih 190, 8 eripiant 991, 9 186,9.189,7.<195,10.>91)8,96.

99919191911,9 919919119911141,

909,1.943, 18. 944,19.947,95.

94 eripere 9,14.179,7 9199111111 949, 15.*955,17.958,6.965,97.

esse 43, 9 ‘

911999915919 911911919111111*944,9

erunibus 131114
9119591191*89,15
erratica 186,17
errationes 17991

w,55555

eia 9119111 41, 15. 99, 9.(70, 1.)
5‚555555ffl5
m5ffl5555555
555555m5m5
wa

erro errabit *116, 9. 185, 91 9119999 etenim 89, 8. 179, 99
9,8 9119111119 99, 99. 76,19 91191- etesiae *97, 11
1419911 errantia 114, 91. 1199 eriam 19. 4, 21. 1, 11. 1, 1111119,

errorem 37, 31 911919 175,19
eruderandum 9111 16916
9191195911 19999 9111111991 199,
18 91·1111111111919989,19 919111911-
dum 199, 93 9191111199,19
9191111911111119,18.7,17.8,1.10,99.
9111111911 196, 5 erumpunt 18914.
188, 5. 195, 19 erumpet 908, 93

Erythran 85, 8- Erythraeorum

fflffiffffl5mw
5mfflw‚5.55,5

555- -5wmmwwr
5,mm5m.nw.5w
ω,99,99Μ191ὛΜ9
55555mm555,
55mm555555
5m5mm55555
5555555555
55555555m5
55555555w
5555555555
555555555
m5mm5w5mm5
5555555555
Μ999919ωω11,
9994ῃ999919
55555555555
555555555
5555555w55
Ἰ1119991419191999911.
5555m5m555
555555555

5555‘

5-555555555.
99, 11. 49, 19. 44, 11. 41, 1. 9. 49,
1999199999,
5555555555
5555555555·5-
, 555555555,

19. 19914.1491914111419.
5mm5mm5555

immmm55555
911199994919.14411949,
19999.99994
4m5,mmwn5555
5.5‚5555mw.5‚
nffl55555.5ffl155
wmm5‚m5,555
m5mn.5.mom5
5U555555,5.5„
19114199191911941149,Ι
5.m,5.5wm5,5m‚
ffi·5ffl5wfflwstffl5
19. 119, 19. 114, 9. 191919. 11
15w5455555
555m5wmmm5
5.555m5555.
5:5555555555-
555555555„

222,l2. 17. 993, 6. 994, 99. ΙΙ’998,19. , ’

5m5mm55555
939, 4949, 16. 945, 9. 94993. 96.
950, 19. 959, 93. 954, 1. 17. 957, 5. ·
11. 21. 968, 22. 969, 8. 13. 973, 99.
977, 18. 980, 5. 17. 981, 17. 984, 10
- etiamque *17, 99. 99, 4. 56, 9.
6399 6877436917 906.

,91999ῌΜ9ω9

1Μ9ω9994ωφ
919, 19. 994, 7 979, 93 1911911911
3535 97 4134510 10317
139,1.14893155,.4 178, 90 111116
9119111 191, 9. 145, 7. 919, 15 qui
9119111 1915. 95, 3. 44, 95. 48, 8. “
5555555555
5m5m5m5mm5
1m55555mm55
25555555555
eriam1520.30‚9.5,5.5.⁹‚,6.¹
555555555
9911 etiam 1,11. 8, 90. 9, 5.
9999999199

“ 94, 9. 36, 3. 9. 49, 11. 46, 17. 59, 7.

61, 93. 69, 93. 194, 97. 131, 90. 146,

 

