‚³68— ‘·

¹ intra 999. 99, 99. *999, 99 (999, 99.)
999, 9. 999, 99. 999, 99. 999, 99.

99919 88, 8 187, 80 19999199 10,
19 1999919 8881, 88 888, 81

884,8 1919199, 999. 88, 88. 881, 18. 19999119 18, 8. 881, 80 199999119919 1

88,11.01,1887,88,180,11.807,.8
8811,18.1888,88. 880, 84 881,11,
888,11.18,8184,4.
«1919919999 47, 7111, 187,8 -
19199188,18.140,10 ,
introeuntibus 149, 8 intro 99981
1919911999 149, 8

9999999999,19.99,19.99,99.999,9.

187,19.1888 148,81,148,10. 11.
108, 17. 881, 12. 8818, 8. 870, 7
(intuentur 877 ,17)
· 19199 877,17 <
1999119119 *180, 18

*188, 8. 818, 8 191999119999988, 88.
88, 10 1999911999 18, 4. 814,180.
279, 8 199999119999 818, 10 88, 8.
188, 80. 88, 11 89, 81. 8118, 18 in·
99911199109184,11.84,1818888.
999,(9)99.9ι9,’99.99’9,9

, 199991999909184811 19999198188
’ ⁷ 1999999199 788 1999999919 88, 87,

90, 88 1999999919999Ι 180, 19 1999-
99191999 89, 19. 74, 8 1199999919
178, 22 1991999919 808, 80

1999999919 109,14
· 1999911 887, 8 1999999999 187, 4. 888,

4. 809, 87. 881, 18 inuersa 114, 111

1999999199 108, 80. 149, 8. 884, 80 19919199 818, 181 19919181, 8 19-ι

1999899199· 818, 10 191999199 9999

919199 188, 8

80, 88 19999191991 81, 18 inuehi 199191999181,9

129, 8

’ inuidis 180, 8

1999919914888.181,18 19999919- 1991911919 819, 81
19991198 1999919911818,19 19-19911919991180,18 inuitatis 9991991.

. 999191 81887 199991804,17 1999·

140,11

91178,17,818,10.18.110.887, 8 1999991199- 999 99911818 ’ .
“ 1999999991 19,118. 1181881888. 19991911 881, 14 1999191199 880, 4

· 888,1 1999919991881, 8,814, 80
19919199991 88, 88 1919991199118,
88. 170, 8. 177,11.1 178, 8, 188, 87.
808, 88. 818, 19 1999119919948,
10,14. 48,1.8 43,0.87. 44,18. 1101,

Ἰ8.1188,8.1187,818.19818. 1947.
198, 19. 8,88 71, 888, 18 1999919199
188, 9. 80818 1991919919988, 17.

19991999919919 878,11 inuoluta 991
889,18 1999191199 9191884 199·
9991919199 9191279,9 inuolu’ta 9991
878, 18 1999191199 99991 879, 11
1991199909 848, 88. 848, 19. 887,8.
808, 14. 808, 80 19991991999 848, 18

, 99991919 888 88 1999199199 888, 81 ,

inuolutis *811,8

192, 8. 191, 17 1999991991991781, 18 19999191199999 88181
19999191991 88, 0 7 78, 81. 88180. inusitatas 104,181

. 9991199199 117,7 18. 188, 18 innen-

· 188,1.187,181,198,11.800,8 19· 19911119 *41, 1,1 88,8 1991119 809,8

inutilem 1888111) 19911119147, 188

. 199 99188,88.1810,199999919991 Iollam 199, 80 .
, ,78,84.89,8.10.88.11808799999· 1991999 881 1999 8818- 19999

199199981181,18,178,188.178,10

80, 8. 88110 Ionas 810,11

inuentae 99911 180, 89 9999919 9991 19919199 881, 18
888, 8. 880, 84. 9994 1999919911 199199 70,1,,484 17.88,10.98,18

89,117199919919999188818 19999-

· 19919 91991 881, 80 1999911999991

’89, 80 19999199 999991 848, 80· 99-
99919999991848188888119999-

· tum 9911 -,197 81119999199 818, 88.

888, 10 887,18, 880, 88 1999991999
;8181,1,· 888,14.8718,18 19999191
· 14, 14 81, 9. 78, 11 19999199 9999
871888191999199999999177,8.88,17
inuentam 9999 87, 8 19999119981999

189, 4 199191 919, 88. 84, 9 ionicae
8814 ionicam 80, 88 199199188,
9. *189,8, 8 199199 97, 81. 188,19.
189, 10. 101, 8 1991999918, 10. 77,
18. 84, 8, 188, 9. *148, 18019 1991·
999999 101, 87 1991999999 89,9
ionicis 18119. 84,8.1.8 94',9. 99,
890,17 191, 8 199909119991999999
04,118 1991919 89, 19. 2928. 91,

179,11 999999999 81018 19999· Iope *1888
1991184, 24 9999919 818 88 in· 1999 81, 41. 189, 11, 880, 8, 889, 10

9991998147 199991998118, 17 99·

Q

ipsa 19, 99 9’99, 9. 99, ’.99 999119

 

