,40-

207, *10. 13 domibus 146,1-
domi 184,8 domum 131, 26

6667, 6210 ,.2 207, 12. 210, 18 ductio·
mm,m’m,8.fflmmm,m

. donec 66616661 pr. 07,,.2 179, 16. 666166 pl. 206, 23. 207, 14

242, 9. 272 16

dulcedine 60, 26. 196 6 dulcedini·

*donoque (11661 denique) 79, 9. 120, bue 160, 8 ,
22-264,16 doneque 66162266 66161619217 dulcem 196,4 dul-

6666 6666616661161, 10

61661616 196, 26

661166 70 4 84, 17. 18. 86, 26. 94, 7 dumc. 166, 104, 7 212, 80- -.c coni

doricum 96, '17' doricae 6614,
90, 24. 91, 9. 16 661161 *83 27. *96,
·. .19,122,29 6011606166, 16. 90, 16

,2,8 22 (77, 8.,)82 896, 18. 167,
6.ωΜω’6ω-6ω6,6.
147, 26. 166, 20- dum 61666 62 10

6611661192,20.07,16 66116684, 6666166649,1.62,10.297,6 v
12. 00, 20. 91, 16. 142, 24. 101, 11 dumtaxat 10, 2. 286, 17
donea 169 2, 4 doricae 18 6, 142, 666 66, 18. 101, 3. 111, 20. 117, 21.

*14. *16 doricarum 63,10 dori·

¹ corum18, 12 6611666122, 12 do·

, 6668481918 88969210
§88, ,0>- sudet. 661166 98, 26
6116616111 94, 12.169,1 doricis
89 26 97 22 26 9861491

Dorieon *86, 17

66666 (661011) 60, 9. 4

661616 229, 18 ’ ’”

,1161668413

drachma 06, 1. *4 (dragma)

draconem 200, 6

(dryie pro Dyrie 190,18)

dubitatione 188, 24. 186, 1. 160, 29
mmmmmm

dubito dubitamus 16,19 dubitemus
198,16 dubitans 214, 20 dubi·

„ 1661616711 dubitaritee 18, 26

’ dubius 140 6 6601616124,1.169,
242108 6160661110 11966,
mmm

ducentorum 27,6 66666166 209, 8
(ducentia 188 ,17)

ducit 187, 18. 222,17 ducebat 261,

, 14 ducerent 2609 66666120716.
206, 26 66666111 4, 2. 69, 17123.
268,17 ducatui 117, 7 100, 24.

141, 6. 170, 6180, 19. 186, 18212,¹
’ 1236,12(16)6ι1666161208,14 6666661111 07, 1.10.114,19.117,2.

6666161111 267, 11 66661661614,

16166.6ΜΜ6;6
m,m.mmw‚immm,
1mmwmmmmmum,
mwmemrmmom
m,m’dm8mmmm8
mmmwwmmmemm

· 98,16.99,18.106,12,197,2.111,

29,128,1,141,9.*142,1.164,16.

' 229, 17. 268, 17. 262, 10. 287, 6. 271,

6. 276, 7 6110166176, 10. 81, 20. 22.
100, 10. 122, 27. 128,1. 209, 10. 69,

·24.12,7 6 1166166170, 20. 71, 24.

<m,wmmmmmmm
bue147,17 duos 88,12.181, 16.
126,19.190,6. 16621 170,6. (207,
21)248, 28. 260, 6. 27616 duali
19626166124 6949712
01, 17. 89, 28. 9'4, 20. 97, 28. 99,2.
124,24.126,10.128,16.149,6,7.
160, 19. *160, 14. 199, 8. 106, 9.
*211, 16. 216, 9 (luo 28 14. *67 7
110, 6. 26. 160, 17 160,10. 274,14
6601166 67,16.66,8.107,16.110,
24. 112,2. 268, 16. 26,.9 99, 1. 47,
24. 64, 16. 86, 9. 276, 26 (16006119,
8,07,16.126,-3 666 nom fem
41,9(142,1)606.61. 1141611724
26. 1262119014. 26914. 270,1.11

128, 20. 291, 9, 266, 6. 961, 7

17. 260, 16 6666161207, 22 66611 666666166619, 19 6666666616918,

6611139, 16 104,18666166661109, 2

11,220,13 duodecumas 220, 4

ductuasit 68, 24 ducti sint 88, 8 duodenum 260, 14
66611 fuerint 88, 10 ducendi 66111 66666666661616 76, 20
⁸38, 2.0 666616 261, 10 666167, 66616170, 11. 107, 20. 116, 10, 127,

82 204, 26 210,13 ducendum 248
12 6666666261,17 66666166 240
21. 249,12 ductum 188 26 ductis
mmmmmw

ductarius 248,10. 247, 26 ductarii

,mmmmm

ductio 206,10 ductione 20921 ductio·

8..21 128,.9 169, 28. 266, 26 du·
plicam 118,12.164,10 duplici
208,2.127,12 duplices 101, 20.
122,11.126,8 160, 12 duplicia ·
211,16 duplices 70, 8. 121,16.

·wmmrmmwm,m.

277,1

 

