-140 -

333, 8. 338, 0. 339,3. 360,.9 363, 33 164, 38. 166, 6 318, 11. 361,4 ue·
6611611061 ”381, 31 66116066 3’67, 0610601061 166, 7. 168, 17

10 66116061 *3768 uetustus uetusta, 242, 0 uetustum
11618618 370, 4. 33 1107. 137,16. 18 49,8 6606801184,3011001.46,8
66116166 116,18.1303 1611616.- 6611611167, 31

-11611117, 33 66116168174,1 661· 6166 388,1’6 uia 163, 38. 100, 36.
, 86118 69, 10. 137, 31. 309, 33 361, 161363, 11 6161111630, 36. 88,
66116111-1116111 16111116 368, 36 3.3’60,1 61618613 ⁴
1661161 quoque 6. 77, 18. 376, 34 6160166 181, 34 , ‘

domum 6.*3161 11666666661161 uiatores 160, 11

quoquouersus 61606116387,1
36611616611616 108, 11. 303, 618. 6166661166 308,8

104,8 uersuum 104,10 66111061 6166111166 *330 6. 331, 36 336, 16. 16
183, 18. 301, 3 „ 6161111061 16 8
6610161116 66,1’8. 16 16101661 33611 uicinus uicini 148,10
6610166111361,8.10.363,16 61606161 313, 19. 373, 31 uictoribus
661οο 6610611001 388, 10 uertentis 166, 16 61606161 61, 31
330,16.340,1 1161061106 330, 13 6160011666, 4. 61, 38 61600116164, 18
uerum 60161111, 18 ιι1606116’ 1, 8. 313, 0. *384, 18
uerus 11616387 661111611116381 16 616061 310,1’6 6160616 181’, 31
66161638, 6 306, 10 66166138, ’.37 616111 uicorum 26, 24. 38, 1’7. 64, 34
188 33 3148 6816184618136 uicis 36,10

16636 6611114411 66161 *187 uideo 181,17 uidemus 18, 8. 88,8.
,. 38. ’1868 ueras 28, 7. 97,11 66111 188, 31. 333, 18 61666661174,14.
64, 8. 80, 18. *173,33. 64, 6 - 6616 300, 30 uiderunt 383, 8 61416110
, 5,16.178,1211.11810 , ¹⁶1. 22 uideran185, ¹15. *16 11
6616611116 88,16 (111160 383, 17 611111161ιο 380 ,1¹28
uesicis 3060 · > uidetur pass. 166, 33. 107,7 ’01
,6616616616611111366 1161661616, 11 dentur 340, 36 u'idere 48’, 6 ''ni-
uespertinam 96,2 uespertino 144, dentes 179,15

1817 uideor uidetur 9, 8. 8, 8. 10, 6. 14,
uesperugo 220, 28 25. 11, 1416661146, 15. 316.
Vestae 182, 28 - , 28, 9. 88, 7. 87, 28. ³21⁷· 11, 14.
uestibulo 161, 14 6680101116 18, 16. 43, 13. 81. 48, 7. 63, 38. 67, 9. 73, 6.

146, 14. 16’. 36. 161, 3. 149, 33 76,14. 88,6. 06,33.87,33.106,7.

11106116 118,18 128, 28. 125, 28121, 1. 128, 9. 185,
uestigium 86, 33. 368, 33 66101316 38. 186,11. 189, 6. 8. 31. 148, 36.

110, 8 181, ἰι uestigiis 85, 2 1161411168.160,11.168,4.178,
66801166101611 40 7 66801166606,81 17 7.189,7. 198, 18. 300, 6. 204,16.
’ vestinae 1948 310,.6’316, 19. 333,8. ’,338 7. 334,
6680106680101138,9 = 816. 348, 16. 344, 1'5. 346, 34 377,
uestis 178, 1. 6, 6. 337, 6 66106 18. 381, 30. *31 616611οι11’ 8, 3. 14,

. ² (uestem) ”1*1,78 . 1. 1610. 28, 17. 67, 6. 66, ’11. 18.

· 66801068 346, 11 uestitum 131, 30 67, 33. 74, θ’. 9. 76, ’.13 3319013.
Vestorius 180, 36 - 97, 8. 101, ’.16 103, 7. 104, 0. 1962.
' Vesuuinm 42, ’8 Vesuuio 42, 38 107, 26. 199, 4. 13310. 14. 138, 16.

. 66061 30, 6 61106111 223,11 66061616 134, 1.29:128,11. 11. 128,16. 136,

’ 18, 22 ueteri (6)*61, 14. *6644 4.14.181,18.22.98.198,18.11. ,
6608168110,8 6606111168 109,11. 18. 148, 4. 10. 193,36. 318,3. 333,
6, 4. 58, 18. (²112, 44) 18. 281, 4. 288, 11215, 28. 281, 15.

6606106131, 36. 166, 10 6601110601186, (383, 1) uideatur 31, 4. 88, 12. *66,
21 uetustatem 1518 4ι,4.46’,4’ 8105,11. 188, 4. 188, 18. 2281
7. 58, 4. 14, 8. 55, 21 58, 1'1. 81, ’16. uideantur 18, 6. 80, 18. 61, 8. 21.

· 181, 2225. 185, 2. 158, 8. 161, 28. 43, 18. 18, 20. 80, 28. 81, 2. 82, 8. ,
158, 91. 118, 2 uetustate 41, ι. 88, 8. 88, 4. 189, 28. 15828. 191,

146, 46. 84, 8. 58, 2. 58, 5. 152,18. 14. 288,1. 111611111414661416,

 

