„51-

951, 6 111111 12, 24. 80, 15. 172, 17. 1111111252, 22 1011611172, 15. 256, 25
85, ’15 1115111115,13’ fanis 69,1 ,111111119317111111963,711111ο
1111111148*11.16111111111149,11 172, 2 111111246,19.271,8 fer· -
fartis 27’7, 1 1111195, 93. 279, 3 ferrea 959 *2.
farina 180, 2’2. 257, 20 5. 262, 8 ferreos 250, 5. 261, 7.
famus (111. 53 ,99) farno 155, 9 284,11 ferreas 256,6 ’1111111’47,
farnaria 148,4 ‘16. 125, 26. 166, 2. 178, 10. 252, 2.
farturae 955. 48,12 261, 20. 266, 21. 276, 4. 278, 1 17
’ fascia 91, 7. *14’ 12 111111116526. 168, 2. 124, 6. 200, 17
1111111111 59, 98 11111*17’7,5 11111135,’15.19.’16,
fastigium 206, 20. 274,13. 62, 4. 15. 23 22, 7. 196, 4. 279, 9. 10
22, 18. 100, 17. 101, 22. 207, 17. 1011101111, 11 1311131624,5.122,26
27’4, 11 11111311106,16.173’,13.11111111’188,9.224,11 1111111111Ι
206, 2. 202, 2. 274, 11 1611131681, 288, 22 1316011116 42, 12. 42, 4.
24.’124,7 ’1111131171,19(8114) 224,7 1111111111111111111138,5Ἰ
32, 11. ’163, 92. 3413 8895 173,6 famescit 4519
11111’311111100,9.107,2’0.179,1’1. 1111111111 42, 94 fumidum 17,15.
174,1. 17 fastigiis 96, 7. 119, 23 199,15 feruidos189,8 feruidis
165,11 172,4 16,’21.166,28.120,7
1111136111113111111 171,16 fasti·¹ ferulis 198,1 '
11111111 111,’ 616- 171, 18. 210,1 161111161111142112166 111661181612121. ’
Fauni 3651116211 ’ 17,15.41,21’.185,17.187, 11. 182,
fanonius 54,11 fauonium 25,1. 12 23. 198 9 11111511511291,26
13.27,11.19,19.90 1111116197, 94 1111131661, 90 fera 36, 6 fera·
fauor fauorem 2,3 Ι rum 999,-5 1111111511. 3314
1111111111163,’24 111111111111 247, 7 111111111ο111111
. 1111111111141,10.237,18011111- 75,20.*162,19’
biis 96, 92 1111111115 171, 15
· fax 11111 53, 92. 50, 93 111111111111108,1“4 ¹
1151113616 1151111 135,16 1111115416 11115429 1111118318
111111111159,12 felicitatis 139, 7 1511111959, 27 1151111 246, 5 fibulis
felicitate. 63, 20 ’ 21, 23
11111116(1ο11161’11111110111)940,14 55111111116119423 ·
femur 99,9 1111111192,11.297,’17 fictili 181, 2 fictilibus 71,18. 116,
1111111611 227,18 28. 178, ’2. 11203, 24 910, 17 ,
fenerat toribus 15, 1. 146, 22 11111115,’15 “
fenestram 98211 fenestrae 143, 96 fidenates lapidicinae 44, 90
11111111111111’ 89, 13 17. 20. 144,9. fides fidei 138, 24 fide 6,16
31,47 5. 148, 21 11111111189,’15 111111111“1133,20ἰ
1111111111 111116 figlinum 116, 25
fenestrata 62,1’8 fenestratis 974, 3 6311111937, 13 1111111188, 22 1131-
111ιί111 148,4 1112531115 53111111’ 946, 15.
mm,a mamammmma
11111111’1111111111)1111 Ι145, 94 272,3 figatur 959, 91. 26 113111-
mmmm mmmmmmmmmm
1116111111’39,28 ferant 1219, 8 19. 976,11 1311111966,91 fixus
254, 25 111111 81,Ῑο 1611111· 28,4. 'eet 264,15.265,10. 25 1113111
260, 13 ferantur 188, 25. 248, 10 258,17’11111111111162,21 fixus
954, 22 ferendo 58, 18. 106, 16 1111112642 fixae 1111111111 279,4
, ferendum 95, 90 11111166 4, 21 fixum esse 158, 4 fixa5'9,15. 164,
ferentes 148, 95. 255, 18 16.139,24.267,9 1111111240,18
ferramentum 165,28’1111111111ο- fixi 156,5.155,9 fixae 958, 90 =
rum 177, 7 986, 90 ferramenta 'fixa 99, 7. 969, 9. 278,10 fixos
272, 25 1111111111111182,11 261,7’111112711,12217,8
1111112758 11111111 21115. 256,3 113111’2,2320--.1’113111161’11 Γ

μ

 

