-81— , 1

91 - mortarium 152, 22 morta- , plus 5, 9. 199, 99. 191, 99919·- 19.
rio 1999. 1999. 150, 15. 211,12 19. 999, 9. 999, 91. 991, 9. 41,15. ,

mortariis ,18919

mortiferam 199, 19 1991111919 19919

⁴ 1999. 1999. 9919. 99, 9. 104, 4.

199, 1. 199, 1. 99. 199, 19. 255, 5.

monnone 19, 12. 99, 11991. 9999. 11, 19. 19,· 11. 21. 19991. 111, 11.

71, 19. 84, 19. 99, 9. 91, 19. 149, 94.
191, 17. 101,11. 199, 9. 179, 19
199199 179,10 1119111111 949, 17.
moribus 917,·19 mores 99,91.
9199917, 19 moribus 50, 24. 99,
99. 94, 9. 9919. 90, 7. 199, 4. 199,

mmmmmmmmm

motionem 19917 'motione 998, 9.
999, 94 19911999919999 919119·
999 110, 9. 9997. 999, 10 1119119-

nibus 1991.199,99.999,9

9991.19999119199911999.
11911. 919, 199919 plures 54, .
1. 9999. 19919. 1191. 191, 91.
215, 9. 999, 91. 9991 - 999, 11.
199,1.999,99.999,19.1,9 plum

991. 99191999. 191, 19. 99, 9.

100, 7. 1094 pluribus 917. 7,17.
91. 119,·19.911,19.1ο,19. 19, 91.
91,19. 119, 99199. 1999. 191, 11.
999, 9. 919, 19. 919, 19 - 99991.
91919999, 199194 pluribus 199,

1991119 9999. 999, 10 19919 *0,19.
99919 9191111999, 11. 121, 5. 245,
99.999,9.999,11.*19.999,199199

11 9191998913 - plurimu 099
plurimo 97,10 plurimi 19 99 plu·
rimu 10919 - 99991. plurimum
monetur 19991. 119, 91. 199, 11. 19,19. 19991. 99, 4. 91, 1 plu-
94999 1999911191 110,9.119,9. 11199 *199 ¹
197, 11. 19.,998, 10. 94914 mo· Mummium 119, 90
1191191111 9797 111999119191970,7. 19991199919,1.999,9 11199111899.
91919 919999119991 mouere 191,11.19.99.19999.199,11.191,
252,24 moueri 215,9 mouendo 11. 138, 1. 1085. 220,4. 15. 221, 20. ¹
104,12 1999991111*900,17 mo· 99949991999911.1999999
tus.215,25 111011 38, 20. 188, 20 9.991,99.999,9.9.911,99 mundo
Mucio¹ 05, 90. 191, 91 199, 9. 99919 mundum 199, 97.

muliebrem 90, 9 muliebri 80, 11. 131, 5· ⁸1⁷· 111118· 11· 181911· 1111

9995 muliebria 5916, 1996 mu. 12. 9994 mundo l8,2. 1919191,
1199191 99 9119919.19919919199191.

1991191919 91, 9 mulieres 190, 99 Ι 119· 12(1111· 111112121121111·

mulierum 1999 231117 .
1119919999 mumerprbus 90, 90

919919199111199,99,4 ·. ι ..

'multiplicationes 9999 multiplicu— 'mffifflffl ἐξὲξ ffiunicgffialgg'} '

1091191191, , · -991,19 municipiorum 42,’ 0

multiplico multipheat1213, 94 mul· municipiis 99, 19 -50, 12
1191111111 5222ss ’ 199919 munitum 9999 49, 94 muni-

1991911199199119999199911. tum 9999 · = -
91919 multitudini 197,9 multi· munitionem 50, 99. 994,-19. muni· ’
1911111919 99, 91Ι 79, 9. 199, 7. 189, j tione 99, 91 munitiones 20,20.
9. 19917. 90. 9999 multitudiue 9914. 990, 7. 191 munitionibus
19919.191,11.991,9 9991 ,

multum 15, 7. 49, 8 - 97,11 199119 11111999 199, 99. 194, 8. 199, 19. 989, 1

. 199191991911191119911991. 9199919139, 18.213,4. 105,4 mu-
199, 90. 109, 8. 17919. 9190 1991- nerum 99, 4 muneribus 9,17. 91,
tae 10,1. 9999 1191919199 11. 19919. 191, 199199 .

-1, 99991. 9199 1111199191,19.119191191,99 · ’
111, 99 11911919,99.19,11.911,9 Murenae 1919 ‚·
1111119 9, 10. 25, 99119, 1. 19991. murrae (119119919999 ⁴ .
919, 99. 919, 99. 919, 9. 999, 1. 991, 111911999999191991991 mun

» 991119111999199191991999. 21, 19. 22. 22, 8. 1015. 21. 23,2.
949,14.170,8.14 1911119 9991111191. 190, 99. 990, 99. 199, 94 1111119 91,Ι
191,19.191,11-.919,1.911,19.991,9 11. 19919 murum 91,11999,

Vitruvium ¹ 6

1991199 199, 19
multiplex multiplicibus 9999

 

