-68--'

habuissemus 346 314 habuissent 99911999911991909919649091
88, 94 1199911197, 14. 41, 90. 66, habitantes sunt’ 36, 8 ’119911911-
8. 79, 34. 34, 18. 99, 9 101, ’18, 198, dum 43, 10. 63, 91
3. 118, 9. 141, 9. ’147, 9, ’,194 17. Η110111191999,61’,7
170, 4110. 1871814. 900,14.’909,1190111119ι1111*49,’ 96
9119). 911, 91991, 1. 999, 14 919, haeai (111119) 99919
· 18 99999111999199,9 9’99991191 9991119138, 90 haereat 168 1, 909, 18
13,16. *91, 1. 63,6. 163, 9,9 173, 99919991 948,11 9991999 9’111
991907,11. 9089 11999191 176,9’ 169,6 1100101111 109, 98 1198101111-
’ 119999ιέ9 19,19.99,11.99,11.91, 9911911, 11
’ ,41,8. 101, 10. 141, 9. 169, 19 969199119104,1
·· haberentur 6’0, 18 9119991191 96, Halicarnasso 49, *10. *94 ·
13. 73, 19. 930,Ἰο 999119911113 991991199οο99919199999οο99
11. 16, 19 166, 99 9999909991 Hammonem 190,7
80,9 ’9999191,11,9,10.8,19.7, (9191999191 pro 9199991991 90,18,
9989010119194189989 90)
, 11999, 9919. 9111199911, 1191999119 180, 8. 180, 99. 1911
90, 99, 9. 98, 90. 99, 90 979. 99, 909,7 .9’11, 10 119191199’14,19.40,
97 01819 099988 69,.1799 34138343444 14 4338
89, 1. ’90 19. 19. 94, 18. 10’6, 13. 168, 6. 99. 911, 1’9. 981, 94 dats 41,
’ 119,90,117,90.199,99. 199,4. 18 ’119109011141,18.1’80,8.988,4
· ,, 19999. 11919141, 11. 119911 119191991,9.41’,114194199.
, , 143, 6. 146, 19. 147, 31.· 163, 61 199, 47, 3. 180, 3. 90. 194, 8. ’169, 161 99.
= 14.169,181168,16199,171’4,174’167,98.199,8.186,’7 ·
16 10. ’,178 901 188, 7. 18481919919999991991999119 40, 9. 43, 90
. -187,19.16.188,6,’.7189,1’9, 198, harenariis 4018 Ι ,
, 91191991411.9111111991991999119911119,9 .

’ 18 91’0, 14. 917, 34. 918, 3. 9. 993, 9919991991 991911 169, 99 ha'renati¹
8.,334 16. 36. 336, 11. 91. *944, 161 167, 18 991911010197, 33. 170,9.99
940,1’.8 948, 17. 904, 9. 970, 18. harenosa 43 91 119199991119907,19
979, 91, 979,’8. 981,1’4 subiisse· harenoso ’381
43, ’7 9991191919 (1111. 9999) 909 6 ἁρμονίαν (9119991991) 111, 16
haberi 174, 9. 970, *10. *99 11ἰι- harmonia 111, 99 9919199199111,
999011381 9119911οο0, 19. 07,.4 ,.16 110, 8 harmoniam 136,18’
9439 9111199946,99.00,8.00,4. ’1191919910118,*0,7.110,10
90, ’99. 99, 90. 108, ’90. 144’, 16. 1’63, 9919199199 *119, 19 9919991999
18. 164, 9’8, 169, 19. 170, 7. 177,61 110, 14
180, 7.’103,8.<’998,14.’>940,·19, 991ρ93199191999.19993199ουί1

. 941, 9. 9481 36. 947, 99 949,10. 1199909991(991919001199)*981,19
906, 4, 36. 363, 19. 9’1. 964, 71 34. harundo 186 18 9911190191916618.
960’ 4. 19. 970, ’94 999991919147,196,10 9919901991196,14’-119
- · 4910, 3. 979, ’91 9999919 906 101 1990191999 34, 17. 30, 191 169, 91.
*979,’8 9999910984, 3. 61, 17. ’,(97 9.·1. 187, 4. 197, ’90
4.)98, 19. 91, 91, 89, 19. ’,101 17. haruspicibus 30, 14
109,18.119,’14.197,10.180,18.9991991999111 11. ’119199909919
149’ 18, 190, ’8. 16. 1911, 30. 19’,98. haurit 367, 31 haurire 78,7 hau-
, 166’ 9. 179, ’1.9 179,7.8.170,19. 1191109189,99.906,18 haurientes
*918, 1. 314, 19. 940,9. 348, 36. ⁹266, 168, 14. 367, 8 91191101109111999,
’ 31. 9’69, 1. 9’07, 6. 97919 1199091101 34. 363, 19
110, 191 1461119094 habentibus (Hector pro Hegetor 9111 1139191
909’ 6. 961,’7 9991191991 aee. 19. 977 ,10) .
9,18 9909918618 ,
, 9991191197, 9 habitationis 34, 30 Hegesias 3348
999119119999140973918091011939191*97710 ,
’ 97. 900, 16 999119119911199 96’, 19 (Hegias 1911 ’63, 90)
999119191’ habitat 191991 16, 6 (Heleuidos pre Hellenos 84,13)

 

